19	24	18	18	0.125	0.125
23	24	18	18	0.125	0.125
19	25	20	20	0.125	0.125
23	26	33	33	0.125	0.125
20	28	19	19	0.125	0.125
33	34	23	23	0.125	0.125
54	39	53	53	0.125	0.125
33	39	53	53	0.125	0.125
27	35	26	26	0.125	0.125
34	35	26	26	0.125	0.125
27	36	29	29	0.125	0.125
40	37	39	39	0.125	0.125
34	37	39	39	0.125	0.125
40	38	48	47	0.166667	0.166667
29	41	27	27	0.125	0.125
41	43	36	36	0.125	0.125
38	43	36	36	0.125	0.125
41	44	42	42	0.125	0.125
47	45	40	40	0.0833333	0.0833333
38	45	40	40	0.0833333	0.0833333
40	47	38	37	0.166667	0.166667
55	48	54	54	0.0833333	0.0833333
40	48	54	54	0.0833333	0.0833333
54	55	40	39	0.166667	0.166667
115	116	134	135	0.166667	0.166667
118	117	154	155	0.166667	0.166667
115	134	114	114	0.125	0.125
133	134	114	114	0.125	0.125
173	136	172	172	0.125	0.125
133	136	172	172	0.125	0.125
173	137	182	174	0.166667	0.166667
116	138	115	115	0.0833333	0.0833333
135	138	115	115	0.0833333	0.0833333
116	139	117	117	0.125	0.125
142	139	117	117	0.125	0.125
135	140	137	137	0.125	0.125
142	141	150	151	0.166667	0.166667
137	143	135	135	0.125	0.125
174	148	173	173	0.0833333	0.0833333
137	148	173	173	0.0833333	0.0833333
174	149	177	175	0.166667	0.166667
141	144	140	140	0.125	0.125
143	144	140	140	0.125	0.125
141	145	142	142	0.0833333	0.0833333
150	145	142	142	0.0833333	0.0833333
149	146	148	148	0.125	0.125
143	146	148	148	0.125	0.125
150	147	152	152	0.125	0.125
149	147	152	152	0.125	0.125
142	150	139	141	0.166667	0.166667
142	151	154	154	0.125	0.125
156	151	154	154	0.125	0.125
156	153	187	188	0.166667	0.166667
118	155	119	119	0.125	0.125
158	155	119	119	0.125	0.125
158	157	194	194	0.125	0.125
173	174	137	136	0.166667	0.166667
173	182	209	209	0.125	0.125
174	175	149	148	0.166667	0.166667
174	177	182	182	0.125	0.125
176	178	175	175	0.125	0.125
177	178	175	175	0.125	0.125
176	179	187	187	0.125	0.125
189	179	187	187	0.125	0.125
184	180	183	183	0.125	0.125
177	180	183	183	0.125	0.125
189	181	192	192	0.0833333	0.0833333
184	181	192	192	0.0833333	0.0833333
182	183	174	174	0.125	0.125
192	184	190	189	0.166667	0.166667
211	185	210	210	0.125	0.125
182	185	210	210	0.125	0.125
192	186	214	214	0.0833333	0.0833333
211	186	214	214	0.0833333	0.0833333
194	191	158	158	0.125	0.125
214	192	211	213	0.166667	0.166667
194	193	215	215	0.125	0.125
214	193	215	215	0.125	0.125
156	187	151	153	0.166667	0.166667
156	188	157	157	0.125	0.125
191	188	157	157	0.125	0.125
192	189	184	186	0.166667	0.166667
191	190	193	193	0.125	0.125
192	190	193	193	0.125	0.125
209	210	173	173	0.125	0.125
214	211	193	192	0.166667	0.166667
232	212	231	231	0.125	0.125
209	212	231	231	0.125	0.125
214	213	233	233	0.125	0.125
232	213	233	233	0.125	0.125
217	236	216	216	0.125	0.125
235	236	216	216	0.125	0.125
217	237	218	218	0.125	0.125
235	238	260	260	0.125	0.125
218	240	217	217	0.125	0.125
218	241	219	219	0.125	0.125
244	241	219	219	0.125	0.125
244	243	281	281	0.125	0.125
260	261	235	235	0.125	0.125
260	269	299	299	0.125	0.125
239	262	238	238	0.125	0.125
261	262	238	238	0.125	0.125
239	263	242	242	0.125	0.125
261	264	269	269	0.125	0.125
263	265	262	262	0.125	0.125
264	265	262	262	0.125	0.125
263	266	274	274	0.125	0.125
276	266	274	274	0.125	0.125
271	267	270	270	0.125	0.125
264	267	270	270	0.125	0.125
276	268	279	279	0.0833333	0.0833333
271	268	279	279	0.0833333	0.0833333
269	270	261	261	0.125	0.125
279	271	277	276	0.166667	0.166667
301	272	300	300	0.125	0.125
269	272	300	300	0.125	0.125
279	273	304	304	0.0833333	0.0833333
301	273	304	304	0.0833333	0.0833333
281	278	244	244	0.125	0.125
304	279	301	303	0.166667	0.166667
281	280	305	305	0.125	0.125
304	280	305	305	0.125	0.125
242	274	239	239	0.125	0.125
242	275	243	243	0.125	0.125
278	275	243	243	0.125	0.125
279	276	271	273	0.166667	0.166667
278	277	280	280	0.125	0.125
279	277	280	280	0.125	0.125
299	300	260	260	0.125	0.125
304	301	280	279	0.166667	0.166667
344	302	343	343	0.125	0.125
299	302	343	343	0.125	0.125
304	303	345	345	0.125	0.125
344	303	345	345	0.125	0.125
290	320	291	291	0.125	0.125
319	321	316	316	0.125	0.125
318	321	316	316	0.125	0.125
319	322	320	320	0.125	0.125
318	323	356	356	0.125	0.125
322	324	321	321	0.125	0.125
323	324	321	321	0.125	0.125
322	325	328	328	0.125	0.125
330	325	328	328	0.125	0.125
360	326	359	359	0.125	0.125
323	326	359	359	0.125	0.125
330	327	363	363	0.0833333	0.0833333
360	327	363	363	0.0833333	0.0833333
320	328	319	319	0.125	0.125
320	329	332	332	0.125	0.125
334	329	332	332	0.125	0.125
363	330	360	362	0.166667	0.166667
334	331	366	366	0.0833333	0.0833333
363	331	366	366	0.0833333	0.0833333
291	332	290	290	0.125	0.125
291	333	292	292	0.125	0.125
336	333	292	292	0.125	0.125
366	334	363	365	0.166667	0.166667
336	335	367	367	0.125	0.125
366	335	367	367	0.125	0.125
392	357	391	391	0.125	0.125
392	358	393	393	0.125	0.125
366	363	335	334	0.166667	0.166667
393	364	392	392	0.125	0.125
366	365	394	394	0.125	0.125
393	365	394	394	0.125	0.125
356	359	318	318	0.125	0.125
363	360	331	330	0.166667	0.166667
364	361	358	358	0.125	0.125
356	361	358	358	0.125	0.125
363	362	365	365	0.125	0.125
364	362	365	365	0.125	0.125
342	373	341	341	0.125	0.125
372	373	341	341	0.125	0.125
342	374	343	343	0.125	0.125
377	374	343	343	0.125	0.125
372	375	400	401	0.166667	0.166667
377	376	420	420	0.125	0.125
372	400	371	371	0.125	0.125
399	400	371	371	0.125	0.125
372	401	375	373	0.166667	0.166667
399	402	444	444	0.125	0.125
401	403	400	400	0.125	0.125
402	403	400	400	0.125	0.125
401	404	409	407	0.166667	0.166667
446	405	445	445	0.125	0.125
402	405	445	445	0.125	0.125
446	406	449	449	0.125	0.125
420	411	377	377	0.125	0.125
420	419	453	453	0.125	0.125
375	407	372	372	0.0833333	0.0833333
401	407	372	372	0.0833333	0.0833333
375	408	376	376	0.125	0.125
411	408	376	376	0.125	0.125
401	409	403	404	0.166667	0.166667
411	410	419	419	0.125	0.125
419	416	411	411	0.125	0.125
449	417	446	446	0.125	0.125
419	418	450	450	0.125	0.125
449	418	450	450	0.125	0.125
409	412	401	401	0.0833333	0.0833333
404	412	401	401	0.0833333	0.0833333
409	413	410	410	0.125	0.125
416	413	410	410	0.125	0.125
417	414	406	406	0.125	0.125
404	414	406	406	0.125	0.125
416	415	418	418	0.125	0.125
417	415	418	418	0.125	0.125
444	445	399	399	0.125	0.125
495	447	494	494	0.125	0.125
444	447	494	494	0.125	0.125
495	448	498	496	0.166667	0.166667
453	450	420	420	0.125	0.125
453	452	500	501	0.166667	0.166667
422	455	421	421	0.125	0.125
454	455	421	421	0.125	0.125
422	456	423	423	0.125	0.125
454	457	504	505	0.166667	0.166667
423	459	422	422	0.125	0.125
423	460	424	424	0.125	0.125
463	460	424	424	0.125	0.125
463	462	540	541	0.166667	0.166667
428	467	427	427	0.125	0.125
466	467	427	427	0.125	0.125
428	468	429	429	0.125	0.125
466	469	570	571	0.166667	0.166667
429	471	428	428	0.125	0.125
429	472	430	430	0.125	0.125
475	472	430	430	0.125	0.125
475	474	606	607	0.166667	0.166667
431	476	430	430	0.125	0.125
475	476	430	430	0.125	0.125
475	477	606	607	0.166667	0.166667
495	496	448	447	0.166667	0.166667
495	498	664	665	0.166667	0.166667
453	500	450	452	0.166667	0.166667
453	501	454	454	0.125	0.125
454	504	453	453	0.125	0.125
454	505	457	455	0.166667	0.166667
504	506	501	501	0.125	0.125
503	506	501	501	0.125	0.125
504	507	505	505	0.125	0.125
503	508	691	692	0.166667	0.166667
505	510	504	504	0.125	0.125
505	511	514	514	0.125	0.125
701	512	698	700	0.166667	0.166667
701	513	704	704	0.125	0.125
458	515	457	457	0.125	0.125
514	515	457	457	0.125	0.125
458	516	461	461	0.125	0.125
514	517	519	520	0.166667	0.166667
514	519	505	505	0.125	0.125
514	520	517	515	0.166667	0.166667
704	521	701	701	0.125	0.125
704	522	705	705	0.125	0.125
535	524	530	529	0.166667	0.166667
705	525	704	704	0.125	0.125
535	526	708	708	0.125	0.125
705	526	708	708	0.125	0.125
461	527	458	458	0.125	0.125
461	528	462	462	0.125	0.125
535	529	524	526	0.166667	0.166667
535	530	538	536	0.166667	0.166667
462	531	461	461	0.125	0.125
462	532	463	463	0.0833333	0.0833333
540	532	463	463	0.0833333	0.0833333
540	534	542	543	0.166667	0.166667
535	536	530	529	0.166667	0.166667
709	538	708	708	0.125	0.125
535	538	708	708	0.125	0.125
709	539	712	712	0.125	0.125
463	540	460	462	0.166667	0.166667
463	541	464	464	0.125	0.125
540	542	532	534	0.166667	0.166667
540	543	541	541	0.125	0.125
712	544	709	709	0.125	0.125
712	545	713	713	0.125	0.125
541	546	540	540	0.125	0.125
541	547	550	550	0.125	0.125
713	548	712	712	0.125	0.125
713	549	716	716	0.125	0.125
464	550	463	463	0.125	0.125
464	551	465	465	0.125	0.125
550	552	541	541	0.125	0.125
550	553	551	551	0.125	0.125
716	554	713	713	0.125	0.125
716	555	717	717	0.125	0.125
551	556	550	550	0.125	0.125
551	557	560	560	0.125	0.125
717	558	716	716	0.125	0.125
717	559	720	720	0.125	0.125
465	560	464	464	0.125	0.125
465	561	466	466	0.125	0.125
560	562	551	551	0.125	0.125
560	563	561	561	0.125	0.125
720	564	717	717	0.125	0.125
720	565	721	721	0.125	0.125
561	566	560	560	0.125	0.125
561	567	570	570	0.125	0.125
721	568	720	720	0.125	0.125
721	569	724	724	0.125	0.125
466	570	465	465	0.125	0.125
466	571	469	467	0.166667	0.166667
570	572	561	561	0.125	0.125
570	573	571	571	0.125	0.125
724	574	721	721	0.125	0.125
724	575	727	725	0.166667	0.166667
571	576	570	570	0.125	0.125
571	577	580	580	0.125	0.125
470	581	469	469	0.125	0.125
580	581	469	469	0.125	0.125
470	582	473	473	0.125	0.125
580	583	585	586	0.166667	0.166667
580	585	571	571	0.125	0.125
580	586	583	581	0.166667	0.166667
735	591	732	734	0.166667	0.166667
735	592	738	738	0.125	0.125
473	593	470	470	0.125	0.125
473	594	474	474	0.125	0.125
597	594	474	474	0.125	0.125
597	596	602	603	0.166667	0.166667
738	600	735	735	0.125	0.125
738	601	741	739	0.166667	0.166667
597	602	594	596	0.166667	0.166667
597	603	606	606	0.125	0.125
608	603	606	606	0.125	0.125
608	605	745	746	0.166667	0.166667
475	606	472	474	0.166667	0.166667
475	607	477	476	0.166667	0.166667
607	609	606	606	0.125	0.125
608	609	606	606	0.125	0.125
607	610	615	613	0.166667	0.166667
608	611	745	746	0.166667	0.166667
477	613	475	475	0.0833333	0.0833333
607	613	475	475	0.0833333	0.0833333
607	615	609	610	0.166667	0.166667
755	619	750	752	0.166667	0.166667
478	627	479	479	0.125	0.125
626	628	623	623	0.125	0.125
625	628	623	623	0.125	0.125
626	629	627	627	0.125	0.125
632	629	627	627	0.125	0.125
625	630	777	778	0.166667	0.166667
632	631	790	791	0.166667	0.166667
479	633	478	478	0.125	0.125
479	634	480	480	0.125	0.125
480	637	479	479	0.125	0.125
480	638	481	481	0.125	0.125
641	638	481	481	0.125	0.125
641	640	822	823	0.166667	0.166667
492	652	491	491	0.125	0.125
651	652	491	491	0.125	0.125
492	653	493	493	0.125	0.125
651	654	853	854	0.166667	0.166667
493	656	492	492	0.125	0.125
493	657	494	494	0.125	0.125
494	660	493	493	0.125	0.125
494	661	495	495	0.125	0.125
495	664	494	494	0.125	0.125
495	665	498	496	0.166667	0.166667
664	666	661	661	0.125	0.125
663	666	661	661	0.125	0.125
664	667	665	665	0.125	0.125
663	668	890	891	0.166667	0.166667
665	670	664	664	0.125	0.125
665	671	674	674	0.125	0.125
900	672	897	899	0.166667	0.166667
900	673	903	903	0.125	0.125
499	675	498	498	0.125	0.125
674	675	498	498	0.125	0.125
499	676	502	502	0.125	0.125
674	677	679	680	0.166667	0.166667
674	679	665	665	0.125	0.125
674	680	677	675	0.166667	0.166667
903	681	900	900	0.125	0.125
903	682	904	904	0.125	0.125
695	684	690	689	0.166667	0.166667
904	685	903	903	0.125	0.125
695	686	907	907	0.0833333	0.0833333
904	686	907	907	0.0833333	0.0833333
907	695	904	906	0.166667	0.166667
907	696	908	908	0.125	0.125
502	687	499	499	0.125	0.125
502	688	503	503	0.125	0.125
695	689	684	686	0.166667	0.166667
695	690	696	696	0.125	0.125
503	691	502	502	0.125	0.125
503	692	508	506	0.166667	0.166667
696	693	695	695	0.125	0.125
696	694	702	702	0.125	0.125
908	702	907	907	0.125	0.125
908	703	909	909	0.125	0.125
701	698	513	512	0.166667	0.166667
702	699	696	696	0.125	0.125
701	700	703	703	0.125	0.125
702	700	703	703	0.125	0.125
909	706	908	908	0.125	0.125
909	707	910	910	0.125	0.125
910	710	909	909	0.125	0.125
910	711	911	911	0.125	0.125
911	714	910	910	0.125	0.125
911	715	912	912	0.125	0.125
912	718	911	911	0.125	0.125
912	719	913	913	0.125	0.125
913	722	912	912	0.125	0.125
913	723	914	914	0.125	0.125
914	729	913	913	0.125	0.125
914	730	915	915	0.125	0.125
724	725	575	574	0.166667	0.166667
730	727	729	729	0.125	0.125
724	727	729	729	0.125	0.125
730	728	736	736	0.125	0.125
915	736	914	914	0.125	0.125
915	737	916	916	0.125	0.125
735	732	592	591	0.166667	0.166667
736	733	730	730	0.125	0.125
735	734	737	737	0.125	0.125
736	734	737	737	0.125	0.125
916	743	915	915	0.125	0.125
916	744	917	917	0.125	0.125
738	739	601	600	0.166667	0.166667
744	741	743	743	0.125	0.125
738	741	743	743	0.125	0.125
744	742	753	753	0.125	0.125
917	753	916	916	0.125	0.125
917	754	918	918	0.125	0.125
608	745	603	605	0.166667	0.166667
608	746	611	609	0.166667	0.166667
753	747	744	744	0.125	0.125
753	748	754	754	0.125	0.125
755	750	620	619	0.166667	0.166667
754	751	753	753	0.125	0.125
755	752	756	756	0.125	0.125
754	752	756	756	0.125	0.125
918	756	917	917	0.125	0.125
758	761	930	931	0.166667	0.166667
763	766	764	764	0.125	0.125
940	767	935	937	0.166667	0.166667
940	768	941	941	0.125	0.125
764	769	763	763	0.125	0.125
764	770	775	773	0.166667	0.166667
941	771	940	940	0.125	0.125
941	772	944	944	0.125	0.125
624	773	622	622	0.125	0.125
764	773	622	622	0.125	0.125
624	774	625	625	0.125	0.125
764	775	769	770	0.166667	0.166667
625	777	624	624	0.125	0.125
625	778	630	628	0.166667	0.166667
785	779	782	784	0.166667	0.166667
785	780	794	794	0.125	0.125
785	782	780	779	0.166667	0.166667
944	783	941	941	0.125	0.125
785	784	945	945	0.125	0.125
944	784	945	945	0.125	0.125
948	794	945	947	0.166667	0.166667
948	795	951	949	0.166667	0.166667
794	788	785	785	0.125	0.125
794	789	795	795	0.125	0.125
632	790	629	631	0.166667	0.166667
632	791	635	635	0.125	0.125
795	792	794	794	0.125	0.125
795	793	804	804	0.125	0.125
635	796	632	632	0.125	0.125
635	797	636	636	0.125	0.125
804	798	795	795	0.125	0.125
804	799	807	805	0.166667	0.166667
636	800	635	635	0.125	0.125
636	801	639	639	0.125	0.125
804	805	799	798	0.166667	0.166667
950	807	949	949	0.125	0.125
804	807	949	949	0.125	0.125
950	808	953	953	0.125	0.125
639	809	636	636	0.125	0.125
639	810	640	640	0.125	0.125
813	810	640	640	0.125	0.125
813	812	818	819	0.166667	0.166667
953	816	950	950	0.125	0.125
953	817	954	954	0.125	0.125
813	818	810	812	0.166667	0.166667
813	819	822	822	0.125	0.125
954	820	953	953	0.125	0.125
954	821	957	957	0.125	0.125
641	822	638	640	0.166667	0.166667
641	823	642	642	0.125	0.125
822	824	813	813	0.125	0.125
822	825	823	823	0.125	0.125
957	826	954	954	0.125	0.125
957	827	960	958	0.166667	0.166667
823	828	822	822	0.125	0.125
823	829	832	832	0.125	0.125
834	829	832	832	0.125	0.125
834	831	964	965	0.166667	0.166667
642	832	641	641	0.125	0.125
642	833	643	643	0.125	0.125
643	836	642	642	0.125	0.125
643	837	644	644	0.125	0.125
840	837	644	644	0.125	0.125
840	839	987	988	0.166667	0.166667
649	845	648	648	0.125	0.125
844	845	648	648	0.125	0.125
649	846	650	650	0.125	0.125
844	847	1024	1025	0.166667	0.166667
650	849	649	649	0.125	0.125
650	850	651	651	0.125	0.125
651	853	650	650	0.125	0.125
651	854	654	652	0.166667	0.166667
853	855	850	850	0.125	0.125
852	855	850	850	0.125	0.125
853	856	854	854	0.125	0.125
852	857	1051	1052	0.166667	0.166667
854	859	853	853	0.125	0.125
854	860	863	863	0.125	0.125
1061	861	1058	1060	0.166667	0.166667
1061	862	1064	1064	0.125	0.125
655	864	654	654	0.125	0.125
863	864	654	654	0.125	0.125
655	865	658	658	0.125	0.125
863	866	868	869	0.166667	0.166667
863	868	854	854	0.125	0.125
863	869	866	864	0.166667	0.166667
1064	870	1061	1061	0.125	0.125
1064	871	1065	1065	0.125	0.125
884	873	879	878	0.166667	0.166667
1065	874	1064	1064	0.125	0.125
884	875	1068	1068	0.0833333	0.0833333
1065	875	1068	1068	0.0833333	0.0833333
1068	884	1065	1067	0.166667	0.166667
1068	885	1069	1069	0.125	0.125
658	876	655	655	0.125	0.125
658	877	659	659	0.125	0.125
884	878	873	875	0.166667	0.166667
884	879	885	885	0.125	0.125
659	880	658	658	0.125	0.125
659	881	662	662	0.125	0.125
885	882	884	884	0.125	0.125
885	883	894	894	0.125	0.125
1069	894	1068	1068	0.125	0.125
1069	895	1070	1070	0.125	0.125
662	886	659	659	0.125	0.125
662	887	663	663	0.125	0.125
894	888	885	885	0.125	0.125
894	889	895	895	0.125	0.125
663	890	662	662	0.125	0.125
663	891	668	666	0.166667	0.166667
895	892	894	894	0.125	0.125
895	893	901	901	0.125	0.125
1070	901	1069	1069	0.125	0.125
1070	902	1071	1071	0.125	0.125
900	897	673	672	0.166667	0.166667
901	898	895	895	0.125	0.125
900	899	902	902	0.125	0.125
901	899	902	902	0.125	0.125
907	904	696	695	0.166667	0.166667
1071	905	1070	1070	0.125	0.125
907	906	1072	1072	0.125	0.125
1071	906	1072	1072	0.125	0.125
919	925	1089	1090	0.166667	0.166667
757	922	758	758	0.125	0.125
920	923	925	925	0.125	0.125
925	926	920	920	0.125	0.125
938	927	933	932	0.166667	0.166667
925	928	1099	1100	0.166667	0.166667
938	929	1112	1112	0.125	0.125
758	930	757	757	0.125	0.125
758	931	761	759	0.166667	0.166667
938	932	927	929	0.166667	0.166667
938	933	939	939	0.125	0.125
940	935	768	767	0.166667	0.166667
939	936	938	938	0.125	0.125
940	937	942	942	0.125	0.125
939	937	942	942	0.125	0.125
1116	942	1113	1115	0.166667	0.166667
1116	943	1117	1117	0.125	0.125
948	945	795	794	0.166667	0.166667
1117	946	1116	1116	0.125	0.125
948	947	1118	1118	0.125	0.125
1117	947	1118	1118	0.125	0.125
948	949	795	794	0.166667	0.166667
1119	951	1118	1118	0.125	0.125
948	951	1118	1118	0.125	0.125
1119	952	1120	1120	0.125	0.125
1120	955	1119	1119	0.125	0.125
1120	956	1121	1121	0.125	0.125
1121	962	1120	1120	0.125	0.125
1121	963	1122	1122	0.125	0.125
957	958	827	826	0.166667	0.166667
963	960	962	962	0.125	0.125
957	960	962	962	0.125	0.125
963	961	972	972	0.125	0.125
1122	972	1121	1121	0.125	0.125
1122	973	1125	1123	0.166667	0.166667
834	964	829	831	0.166667	0.166667
834	965	835	835	0.125	0.125
972	966	963	963	0.125	0.125
972	967	973	973	0.125	0.125
835	968	834	834	0.125	0.125
835	969	838	838	0.125	0.125
973	970	972	972	0.125	0.125
973	971	981	979	0.166667	0.166667
838	974	835	835	0.125	0.125
838	975	839	839	0.125	0.125
978	975	839	839	0.125	0.125
978	977	983	984	0.166667	0.166667
973	979	971	970	0.166667	0.166667
1123	981	1122	1122	0.0833333	0.0833333
973	981	1122	1122	0.0833333	0.0833333
1123	982	1124	1124	0.125	0.125
978	983	975	977	0.166667	0.166667
978	984	987	987	0.125	0.125
1124	985	1123	1123	0.125	0.125
1124	986	1127	1127	0.125	0.125
840	987	837	839	0.166667	0.166667
840	988	841	841	0.125	0.125
987	989	978	978	0.125	0.125
987	990	988	988	0.125	0.125
1127	991	1124	1124	0.125	0.125
1127	992	1128	1128	0.125	0.125
988	993	987	987	0.125	0.125
988	994	997	997	0.125	0.125
1128	995	1127	1127	0.125	0.125
1128	996	1131	1131	0.125	0.125
841	997	840	840	0.125	0.125
841	998	842	842	0.125	0.125
997	999	988	988	0.125	0.125
997	1000	998	998	0.125	0.125
1131	1001	1128	1128	0.125	0.125
1131	1002	1132	1132	0.125	0.125
998	1003	997	997	0.125	0.125
998	1004	1007	1007	0.125	0.125
1132	1005	1131	1131	0.125	0.125
1132	1006	1137	1135	0.166667	0.166667
842	1007	841	841	0.125	0.125
842	1008	843	843	0.125	0.125
1007	1009	998	998	0.125	0.125
1007	1010	1008	1008	0.125	0.125
1013	1010	1008	1008	0.125	0.125
1013	1012	1139	1140	0.166667	0.166667
843	1014	842	842	0.125	0.125
843	1015	844	844	0.125	0.125
1014	1016	1008	1008	0.125	0.125
1013	1016	1008	1008	0.125	0.125
1014	1017	1015	1015	0.125	0.125
1013	1018	1139	1140	0.166667	0.166667
1015	1020	1014	1014	0.125	0.125
1015	1021	1024	1024	0.125	0.125
1149	1022	1146	1148	0.166667	0.166667
1149	1023	1152	1152	0.125	0.125
844	1024	843	843	0.125	0.125
844	1025	847	845	0.166667	0.166667
1024	1026	1015	1015	0.125	0.125
1024	1027	1025	1025	0.125	0.125
1152	1028	1149	1149	0.125	0.125
1152	1029	1153	1153	0.125	0.125
1025	1030	1024	1024	0.125	0.125
1025	1031	1036	1034	0.166667	0.166667
1153	1032	1152	1152	0.125	0.125
1153	1033	1156	1156	0.125	0.125
847	1034	844	844	0.0833333	0.0833333
1025	1034	844	844	0.0833333	0.0833333
847	1035	848	848	0.125	0.125
1025	1036	1030	1031	0.166667	0.166667
848	1038	847	847	0.125	0.125
848	1039	851	851	0.125	0.125
1046	1040	1043	1045	0.166667	0.166667
1046	1041	1055	1055	0.125	0.125
1046	1043	1041	1040	0.166667	0.166667
1156	1044	1153	1153	0.125	0.125
1046	1045	1157	1157	0.125	0.125
1156	1045	1157	1157	0.125	0.125
1160	1055	1157	1159	0.166667	0.166667
1160	1056	1161	1161	0.125	0.125
851	1047	848	848	0.125	0.125
851	1048	852	852	0.125	0.125
1055	1049	1046	1046	0.125	0.125
1055	1050	1056	1056	0.125	0.125
852	1051	851	851	0.125	0.125
852	1052	857	855	0.166667	0.166667
1056	1053	1055	1055	0.125	0.125
1056	1054	1062	1062	0.125	0.125
1161	1062	1160	1160	0.125	0.125
1161	1063	1162	1162	0.125	0.125
1061	1058	862	861	0.166667	0.166667
1062	1059	1056	1056	0.125	0.125
1061	1060	1063	1063	0.125	0.125
1062	1060	1063	1063	0.125	0.125
1068	1065	885	884	0.166667	0.166667
1162	1066	1161	1161	0.125	0.125
1068	1067	1163	1163	0.125	0.125
1162	1067	1163	1163	0.125	0.125
1084	1086	1089	1089	0.125	0.125
919	1090	925	920	0.166667	0.166667
1089	1091	1084	1084	0.125	0.125
1089	1092	1090	1090	0.125	0.125
1090	1095	1089	1089	0.125	0.125
1090	1096	1101	1099	0.166667	0.166667
1196	1097	1193	1195	0.166667	0.166667
1196	1098	1208	1208	0.125	0.125
925	1099	919	919	0.0833333	0.0833333
1090	1099	919	919	0.0833333	0.0833333
925	1100	928	926	0.166667	0.166667
1090	1101	1095	1096	0.166667	0.166667
1112	1104	938	938	0.125	0.125
1111	1105	1108	1110	0.166667	0.166667
1112	1106	1114	1114	0.125	0.125
1111	1106	1114	1114	0.125	0.125
1111	1108	1106	1105	0.166667	0.166667
1208	1109	1196	1196	0.125	0.125
1111	1110	1209	1209	0.125	0.125
1208	1110	1209	1209	0.125	0.125
1116	1113	943	942	0.166667	0.166667
1212	1114	1209	1211	0.166667	0.166667
1116	1115	1213	1213	0.125	0.125
1212	1115	1213	1213	0.125	0.125
1122	1123	973	972	0.166667	0.166667
1220	1125	1219	1219	0.125	0.125
1122	1125	1219	1219	0.125	0.125
1220	1126	1221	1221	0.125	0.125
1221	1129	1220	1220	0.125	0.125
1221	1130	1222	1222	0.125	0.125
1222	1133	1221	1221	0.125	0.125
1222	1134	1223	1223	0.125	0.125
1223	1143	1222	1222	0.125	0.125
1223	1144	1224	1224	0.125	0.125
1132	1135	1006	1005	0.166667	0.166667
1143	1137	1134	1134	0.125	0.125
1132	1137	1134	1134	0.125	0.125
1143	1138	1144	1144	0.125	0.125
1013	1139	1010	1012	0.166667	0.166667
1013	1140	1018	1016	0.166667	0.166667
1144	1141	1143	1143	0.125	0.125
1144	1142	1150	1150	0.125	0.125
1224	1150	1223	1223	0.125	0.125
1224	1151	1225	1225	0.125	0.125
1149	1146	1023	1022	0.166667	0.166667
1150	1147	1144	1144	0.125	0.125
1149	1148	1151	1151	0.125	0.125
1150	1148	1151	1151	0.125	0.125
1225	1154	1224	1224	0.125	0.125
1225	1155	1226	1226	0.125	0.125
1160	1157	1056	1055	0.166667	0.166667
1226	1158	1225	1225	0.125	0.125
1160	1159	1227	1227	0.125	0.125
1226	1159	1227	1227	0.125	0.125
1191	1185	1188	1190	0.166667	0.166667
1191	1186	1202	1197	0.166667	0.166667
1191	1188	1186	1185	0.166667	0.166667
1179	1189	1263	1264	0.166667	0.166667
1191	1190	1273	1273	0.125	0.125
1196	1193	1098	1097	0.166667	0.166667
1196	1195	1204	1205	0.166667	0.166667
1191	1197	1186	1185	0.166667	0.166667
1276	1202	1273	1273	0.125	0.125
1191	1202	1273	1273	0.125	0.125
1276	1203	1277	1277	0.125	0.125
1195	1198	1194	1194	0.125	0.125
1197	1198	1194	1194	0.125	0.125
1195	1199	1196	1196	0.0833333	0.0833333
1204	1199	1196	1196	0.0833333	0.0833333
1203	1200	1202	1202	0.125	0.125
1197	1200	1202	1202	0.125	0.125
1204	1201	1206	1206	0.125	0.125
1203	1201	1206	1206	0.125	0.125
1196	1204	1193	1195	0.166667	0.166667
1196	1205	1208	1208	0.125	0.125
1210	1205	1208	1208	0.125	0.125
1277	1206	1276	1276	0.125	0.125
1210	1207	1280	1280	0.0833333	0.0833333
1277	1207	1280	1280	0.0833333	0.0833333
1212	1209	1115	1114	0.166667	0.166667
1280	1210	1277	1279	0.166667	0.166667
1212	1211	1281	1281	0.125	0.125
1280	1211	1281	1281	0.125	0.125
1318	1249	1317	1317	0.125	0.125
1246	1249	1317	1317	0.125	0.125
1318	1250	1321	1321	0.125	0.125
1259	1253	1256	1258	0.166667	0.166667
1259	1254	1267	1267	0.125	0.125
1259	1256	1254	1253	0.166667	0.166667
1321	1257	1318	1318	0.125	0.125
1259	1258	1322	1322	0.125	0.125
1321	1258	1322	1322	0.125	0.125
1325	1267	1322	1324	0.166667	0.166667
1325	1268	1326	1326	0.125	0.125
1178	1260	1179	1179	0.125	0.125
1267	1261	1259	1259	0.125	0.125
1267	1262	1268	1268	0.125	0.125
1179	1263	1178	1178	0.125	0.125
1179	1264	1189	1187	0.166667	0.166667
1268	1265	1267	1267	0.125	0.125
1268	1266	1274	1274	0.125	0.125
1326	1274	1325	1325	0.125	0.125
1326	1275	1327	1327	0.125	0.125
1273	1270	1191	1191	0.125	0.125
1274	1271	1268	1268	0.125	0.125
1273	1272	1275	1275	0.125	0.125
1274	1272	1275	1275	0.125	0.125
1280	1277	1211	1210	0.166667	0.166667
1327	1278	1326	1326	0.125	0.125
1280	1279	1328	1328	0.125	0.125
1327	1279	1328	1328	0.125	0.125
1240	1309	1239	1239	0.125	0.125
1308	1309	1239	1239	0.125	0.125
1240	1310	1241	1241	0.125	0.125
1313	1310	1241	1241	0.125	0.125
1308	1311	1354	1355	0.166667	0.166667
1313	1312	1374	1375	0.166667	0.166667
1325	1322	1268	1267	0.166667	0.166667
1308	1354	1307	1307	0.125	0.125
1353	1354	1307	1307	0.125	0.125
1308	1355	1311	1309	0.166667	0.166667
1403	1356	1402	1402	0.125	0.125
1353	1356	1402	1402	0.125	0.125
1403	1357	1406	1404	0.166667	0.166667
1311	1358	1308	1308	0.0833333	0.0833333
1355	1358	1308	1308	0.0833333	0.0833333
1311	1359	1312	1312	0.125	0.125
1369	1360	1357	1357	0.125	0.125
1355	1360	1357	1357	0.125	0.125
1369	1361	1372	1370	0.166667	0.166667
1312	1362	1311	1311	0.125	0.125
1312	1363	1313	1313	0.0833333	0.0833333
1374	1363	1313	1313	0.0833333	0.0833333
1374	1368	1376	1376	0.125	0.125
1362	1364	1359	1359	0.125	0.125
1361	1364	1359	1359	0.125	0.125
1362	1365	1363	1363	0.125	0.125
1368	1365	1363	1363	0.125	0.125
1370	1366	1369	1369	0.0833333	0.0833333
1361	1366	1369	1369	0.0833333	0.0833333
1368	1367	1371	1371	0.125	0.125
1370	1367	1371	1371	0.125	0.125
1369	1370	1361	1360	0.166667	0.166667
1376	1371	1374	1374	0.125	0.125
1405	1372	1404	1404	0.125	0.125
1369	1372	1404	1404	0.125	0.125
1376	1373	1408	1408	0.0833333	0.0833333
1405	1373	1408	1408	0.0833333	0.0833333
1313	1374	1310	1312	0.166667	0.166667
1313	1375	1314	1314	0.125	0.125
1378	1375	1314	1314	0.125	0.125
1408	1376	1405	1407	0.166667	0.166667
1378	1377	1409	1409	0.125	0.125
1408	1377	1409	1409	0.125	0.125
1403	1404	1357	1356	0.166667	0.166667
1408	1405	1377	1376	0.166667	0.166667
1437	1406	1436	1436	0.125	0.125
1403	1406	1436	1436	0.125	0.125
1408	1407	1438	1438	0.125	0.125
1437	1407	1438	1438	0.125	0.125
1392	1422	1391	1391	0.125	0.125
1421	1422	1391	1391	0.125	0.125
1392	1423	1393	1393	0.125	0.125
1426	1423	1393	1393	0.125	0.125
1421	1424	1450	1450	0.125	0.125
1426	1425	1464	1465	0.166667	0.166667
1450	1451	1421	1421	0.125	0.125
1450	1456	1497	1497	0.125	0.125
1425	1452	1424	1424	0.125	0.125
1451	1452	1424	1424	0.125	0.125
1425	1453	1426	1426	0.0833333	0.0833333
1464	1453	1426	1426	0.0833333	0.0833333
1451	1454	1456	1456	0.125	0.125
1464	1455	1466	1467	0.166667	0.166667
1456	1457	1451	1451	0.125	0.125
1499	1462	1498	1498	0.125	0.125
1456	1462	1498	1498	0.125	0.125
1499	1463	1502	1502	0.125	0.125
1455	1458	1454	1454	0.125	0.125
1457	1458	1454	1454	0.125	0.125
1455	1459	1464	1464	0.0833333	0.0833333
1466	1459	1464	1464	0.0833333	0.0833333
1463	1460	1462	1462	0.125	0.125
1457	1460	1462	1462	0.125	0.125
1466	1461	1468	1468	0.125	0.125
1463	1461	1468	1468	0.125	0.125
1426	1464	1423	1425	0.166667	0.166667
1426	1465	1427	1427	0.125	0.125
1471	1465	1427	1427	0.125	0.125
1471	1470	1506	1506	0.125	0.125
1464	1466	1453	1455	0.166667	0.166667
1464	1467	1465	1465	0.125	0.125
1470	1467	1465	1465	0.125	0.125
1502	1468	1499	1499	0.125	0.125
1470	1469	1503	1503	0.125	0.125
1502	1469	1503	1503	0.125	0.125
1430	1474	1429	1429	0.125	0.125
1473	1474	1429	1429	0.125	0.125
1430	1475	1431	1431	0.125	0.125
1478	1475	1431	1431	0.125	0.125
1473	1476	1508	1508	0.125	0.125
1478	1477	1522	1523	0.166667	0.166667
1497	1498	1450	1450	0.125	0.125
1548	1500	1547	1547	0.125	0.125
1497	1500	1547	1547	0.125	0.125
1548	1501	1549	1549	0.125	0.125
1506	1503	1471	1471	0.125	0.125
1549	1504	1548	1548	0.125	0.125
1506	1505	1550	1550	0.125	0.125
1549	1505	1550	1550	0.125	0.125
1508	1509	1473	1473	0.125	0.125
1508	1514	1552	1552	0.125	0.125
1477	1510	1476	1476	0.125	0.125
1509	1510	1476	1476	0.125	0.125
1477	1511	1478	1478	0.0833333	0.0833333
1522	1511	1478	1478	0.0833333	0.0833333
1509	1512	1514	1514	0.125	0.125
1522	1513	1524	1525	0.166667	0.166667
1514	1515	1509	1509	0.125	0.125
1554	1520	1553	1553	0.125	0.125
1514	1520	1553	1553	0.125	0.125
1554	1521	1557	1557	0.125	0.125
1513	1516	1512	1512	0.125	0.125
1515	1516	1512	1512	0.125	0.125
1513	1517	1522	1522	0.0833333	0.0833333
1524	1517	1522	1522	0.0833333	0.0833333
1521	1518	1520	1520	0.125	0.125
1515	1518	1520	1520	0.125	0.125
1524	1519	1526	1526	0.125	0.125
1521	1519	1526	1526	0.125	0.125
1478	1522	1475	1477	0.166667	0.166667
1478	1523	1479	1479	0.125	0.125
1529	1523	1479	1479	0.125	0.125
1529	1528	1561	1561	0.125	0.125
1522	1524	1511	1513	0.166667	0.166667
1522	1525	1523	1523	0.125	0.125
1528	1525	1523	1523	0.125	0.125
1557	1526	1554	1554	0.125	0.125
1528	1527	1558	1558	0.125	0.125
1557	1527	1558	1558	0.125	0.125
1552	1553	1508	1508	0.125	0.125
1585	1555	1584	1584	0.125	0.125
1552	1555	1584	1584	0.125	0.125
1585	1556	1586	1586	0.125	0.125
1561	1558	1529	1529	0.125	0.125
1586	1559	1585	1585	0.125	0.125
1561	1560	1587	1587	0.125	0.125
1586	1560	1587	1587	0.125	0.125
1716	1741	1715	1715	0.125	0.125
1740	1741	1715	1715	0.125	0.125
1716	1742	1717	1717	0.125	0.125
1740	1743	1774	1774	0.125	0.125
1717	1745	1716	1716	0.125	0.125
1717	1746	1718	1718	0.125	0.125
1752	1746	1718	1718	0.125	0.125
1752	1751	1792	1792	0.125	0.125
1745	1747	1742	1742	0.125	0.125
1744	1747	1742	1742	0.125	0.125
1745	1748	1746	1746	0.125	0.125
1751	1748	1746	1746	0.125	0.125
1744	1749	1776	1777	0.166667	0.166667
1751	1750	1789	1789	0.125	0.125
1774	1775	1740	1740	0.125	0.125
1815	1780	1814	1814	0.125	0.125
1774	1780	1814	1814	0.125	0.125
1815	1781	1816	1816	0.125	0.125
1744	1776	1743	1743	0.125	0.125
1775	1776	1743	1743	0.125	0.125
1744	1777	1749	1747	0.166667	0.166667
1781	1778	1780	1780	0.125	0.125
1775	1778	1780	1780	0.125	0.125
1781	1779	1790	1790	0.125	0.125
1792	1789	1752	1752	0.125	0.125
1816	1790	1815	1815	0.125	0.125
1792	1791	1817	1817	0.125	0.125
1816	1791	1817	1817	0.125	0.125
1789	1786	1751	1751	0.125	0.125
1790	1787	1781	1781	0.125	0.125
1789	1788	1791	1791	0.125	0.125
1790	1788	1791	1791	0.125	0.125
1749	1782	1744	1744	0.0833333	0.0833333
1777	1782	1744	1744	0.0833333	0.0833333
1749	1783	1750	1750	0.125	0.125
1786	1783	1750	1750	0.125	0.125
1787	1784	1779	1779	0.125	0.125
1777	1784	1779	1779	0.125	0.125
1786	1785	1788	1788	0.125	0.125
1787	1785	1788	1788	0.125	0.125
1812	1827	1811	1811	0.125	0.125
1812	1828	1813	1813	0.125	0.125
1830	1828	1813	1813	0.125	0.125
