1 2 5 
2 1 3 6 
3 2 4 7 
4 3 8 
5 1 6 9 
6 2 5 7 10 
7 3 6 8 11 
8 4 7 12 
9 5 10 
10 6 9 11 13 
11 7 10 12 14 
12 8 11 15 
13 10 14 18 
14 11 13 15 19 
15 12 14 20 
16 17 21 
17 16 18 22 
18 13 17 19 23 
19 14 18 20 24 
20 15 19 25 
21 16 22 27 
22 17 21 23 28 
23 18 22 24 29 
24 19 23 25 30 
25 20 24 31 
26 27 33 
27 21 26 28 34 
28 22 27 29 35 
29 23 28 30 36 
30 24 29 31 37 
31 25 30 38 
32 33 42 
33 26 32 34 43 
34 27 33 35 44 
35 28 34 36 45 
36 29 35 37 46 
37 30 36 38 47 
38 31 37 
39 40 50 
40 39 41 51 
41 40 42 52 
42 32 41 43 53 54 
43 33 42 44 57 
44 34 43 45 58 
45 35 44 46 59 
46 36 45 47 60 
47 37 46 61 
48 49 62 
49 48 50 63 
50 39 49 51 64 
51 40 50 52 65 
52 41 51 53 55 66 67 
53 42 52 54 55 
54 42 53 56 57 
55 52 53 56 70 71 
56 54 55 57 77 78 
57 43 54 56 58 86 87 
58 44 57 59 90 
59 45 58 60 91 
60 46 59 61 92 
61 47 60 93 
62 48 63 96 
63 49 62 64 97 
64 50 63 65 98 
65 51 64 66 68 99 
66 52 65 67 68 
67 52 66 69 70 72 
68 65 66 69 100 
69 67 68 81 83 100 
70 55 67 71 72 
71 55 70 73 74 77 
72 67 70 73 75 81 
73 71 72 74 75 
74 71 73 76 79 
75 72 73 76 82 
76 74 75 79 82 
77 56 71 78 79 
78 56 77 80 86 
79 74 76 77 80 85 
80 78 79 85 86 
81 69 72 82 83 
82 75 76 81 84 85 
83 69 81 84 101 
84 82 83 85 101 
85 79 80 82 84 88 102 
86 57 78 80 87 88 
87 57 86 89 90 
88 85 86 89 105 
89 87 88 90 105 
90 58 87 89 91 106 
91 59 90 92 107 
92 60 91 93 108 
93 61 92 109 
94 95 110 
95 94 96 111 
96 62 95 97 112 
97 63 96 98 113 
98 64 97 99 114 
99 65 98 100 115 
100 68 69 99 101 103 116 
101 83 84 100 102 103 
102 85 101 104 105 
103 100 101 104 117 
104 102 103 105 117 
105 88 89 102 104 106 118 
106 90 105 107 119 
107 91 106 108 120 
108 92 107 109 121 
109 93 108 122 
110 94 111 128 
111 95 110 112 129 
112 96 111 113 130 
113 97 112 114 131 
114 98 113 115 132 
115 99 114 116 133 
116 100 115 117 134 
117 103 104 116 118 135 
118 105 117 119 136 
119 106 118 120 137 
120 107 119 121 138 
121 108 120 122 139 
122 109 121 140 
123 124 141 
124 123 125 142 
125 124 126 143 
126 125 127 144 
127 126 128 145 
128 110 127 129 146 
129 111 128 130 147 
130 112 129 131 148 
131 113 130 132 149 
132 114 131 133 150 
133 115 132 134 151 
134 116 133 135 152 
135 117 134 136 153 
136 118 135 137 154 
137 119 136 138 155 
138 120 137 139 156 
139 121 138 140 157 
140 122 139 158 
141 123 142 
142 124 141 143 160 161 
143 125 142 144 164 
144 126 143 145 165 
145 127 144 146 166 
146 128 145 147 167 
147 129 146 148 168 
148 130 147 149 169 
149 131 148 150 170 
150 132 149 151 171 
151 133 150 152 172 
152 134 151 153 173 
153 135 152 154 174 
154 136 153 155 175 
155 137 154 156 176 
156 138 155 157 177 
157 139 156 158 178 
158 140 157 179 
159 162 181 182 
160 142 161 162 
161 142 160 163 164 
162 159 160 163 187 188 
163 161 162 164 194 
164 143 161 163 165 200 
165 144 164 166 201 
166 145 165 167 202 
167 146 166 168 203 
168 147 167 169 204 
169 148 168 170 205 
170 149 169 171 206 
171 150 170 172 207 
172 151 171 173 208 
173 152 172 174 209 
174 153 173 175 210 
175 154 174 176 211 
176 155 175 177 212 
177 156 176 178 213 
178 157 177 179 214 
179 158 178 215 
180 181 183 185 
181 159 180 182 183 
182 159 181 184 187 
183 180 181 184 186 
184 182 183 186 189 191 
185 180 186 217 
186 183 184 185 195 197 217 
187 162 182 188 189 190 
188 162 187 193 194 
189 184 187 190 191 
190 187 189 192 193 
191 184 189 192 195 
192 190 191 193 195 
193 188 190 192 194 196 
194 163 188 193 199 200 
195 186 191 192 196 197 
196 193 195 198 199 
197 186 195 198 218 
198 196 197 199 218 
199 194 196 198 200 219 
200 164 194 199 201 222 
201 165 200 202 223 
202 166 201 203 224 
203 167 202 204 225 
204 168 203 205 226 
205 169 204 206 227 
206 170 205 207 228 
207 171 206 208 229 
208 172 207 209 230 
209 173 208 210 231 
210 174 209 211 232 
211 175 210 212 233 
212 176 211 213 234 
213 177 212 214 235 
214 178 213 215 236 
215 179 214 237 
216 217 238 
217 185 186 216 218 220 239 
218 197 198 217 219 220 
219 199 218 221 222 
220 217 218 221 240 
221 219 220 222 240 
222 200 219 221 223 241 
223 201 222 224 242 
224 202 223 225 243 
225 203 224 226 244 
226 204 225 227 245 
227 205 226 228 246 
228 206 227 229 247 
229 207 228 230 248 
230 208 229 231 249 
231 209 230 232 250 
232 210 231 233 251 
233 211 232 234 252 253 
234 212 233 235 256 257 
235 213 234 236 269 270 
236 214 235 237 273 274 
237 215 236 277 
238 216 239 280 
239 217 238 240 281 
240 220 221 239 241 282 
241 222 240 242 283 
242 223 241 243 284 
243 224 242 244 285 
244 225 243 245 286 
245 226 244 246 287 
246 227 245 247 288 
247 228 246 248 289 
248 229 247 249 290 
249 230 248 250 291 
250 231 249 251 292 
251 232 250 252 254 293 
252 233 251 253 254 
253 233 252 255 256 
254 251 252 255 294 
255 253 254 258 260 294 
256 234 253 257 258 259 
257 234 256 262 263 269 
258 255 256 259 260 
259 256 258 261 262 
260 255 258 261 295 
261 259 260 264 266 295 
262 257 259 263 264 265 
263 257 262 268 271 
264 261 262 265 266 
265 262 264 267 268 
266 261 264 267 296 
267 265 266 268 296 
268 263 265 267 271 297 
269 235 257 270 271 
270 235 269 272 273 
271 263 268 269 272 302 
272 270 271 275 303 
273 236 270 274 275 
274 236 273 276 277 
275 272 273 276 306 
276 274 275 277 307 308 
277 237 274 276 322 
278 279 326 
279 278 280 327 
280 238 279 281 328 
281 239 280 282 329 
282 240 281 283 330 
283 241 282 284 331 
284 242 283 285 332 
285 243 284 286 333 
286 244 285 287 334 
287 245 286 288 335 
288 246 287 289 336 
289 247 288 290 337 
290 248 289 291 338 
291 249 290 292 339 
292 250 291 293 340 
293 251 292 294 341 
294 254 255 293 295 300 342 
295 260 261 294 296 298 300 
296 266 267 295 297 298 
297 268 296 299 302 
298 295 296 299 301 
299 297 298 301 302 
300 294 295 301 343 
301 298 299 300 304 343 
302 271 297 299 303 304 
303 272 302 305 306 
304 301 302 305 344 
305 303 304 311 313 344 
306 275 303 307 309 311 312 
307 276 306 308 309 
308 276 307 310 322 
309 306 307 310 315 316 
310 308 309 319 322 
311 305 306 312 313 
312 306 311 314 315 317 
313 305 311 314 345 
314 312 313 320 345 
315 309 312 316 317 
316 309 315 318 319 
317 312 315 318 320 
318 316 317 319 320 
319 310 316 318 321 323 
320 314 317 318 321 346 
321 319 320 323 346 
322 277 308 310 323 
323 319 321 322 349 
324 325 
325 324 326 350 
326 278 325 327 351 
327 279 326 328 352 
328 280 327 329 353 
329 281 328 330 354 
330 282 329 331 355 
331 283 330 332 356 
332 284 331 333 357 
333 285 332 334 358 
334 286 333 335 359 
335 287 334 336 360 
336 288 335 337 361 
337 289 336 338 362 
338 290 337 339 363 
339 291 338 340 364 
340 292 339 341 365 
341 293 340 342 366 
342 294 341 343 367 
343 300 301 342 344 368 
344 304 305 343 345 347 369 
345 313 314 344 346 347 
346 320 321 345 348 349 
347 344 345 348 370 
348 346 347 349 370 
349 323 346 348 371 
350 325 351 375 
351 326 350 352 376 
352 327 351 353 377 
353 328 352 354 378 
354 329 353 355 379 
355 330 354 356 380 
356 331 355 357 381 
357 332 356 358 382 
358 333 357 359 383 
359 334 358 360 384 
360 335 359 361 385 
361 336 360 362 386 
362 337 361 363 387 
363 338 362 364 388 
364 339 363 365 389 
365 340 364 366 390 
366 341 365 367 391 
367 342 366 368 392 
368 343 367 369 393 
369 344 368 370 394 
370 347 348 369 371 395 
371 349 370 396 
372 373 399 
373 372 374 400 
374 373 375 401 
375 350 374 376 402 
376 351 375 377 403 
377 352 376 378 404 
378 353 377 379 405 
379 354 378 380 406 
380 355 379 381 407 
381 356 380 382 408 
382 357 381 383 409 
383 358 382 384 410 
384 359 383 385 411 
385 360 384 386 412 
386 361 385 387 413 
387 362 386 388 414 415 
388 363 387 389 418 419 
389 364 388 390 422 
390 365 389 391 423 
391 366 390 392 424 
392 367 391 393 425 
393 368 392 394 426 427 
394 369 393 395 430 431 
395 370 394 396 434 
396 371 395 435 
397 398 444 
398 397 399 445 
399 372 398 400 446 
400 373 399 401 447 
401 374 400 402 448 
402 375 401 403 449 
403 376 402 404 450 
404 377 403 405 451 
405 378 404 406 452 
406 379 405 407 453 
407 380 406 408 454 
408 381 407 409 455 
409 382 408 410 456 
410 383 409 411 457 
411 384 410 412 458 459 
412 385 411 413 462 463 
413 386 412 414 416 466 467 
414 387 413 415 416 
415 387 414 417 418 
416 413 414 417 476 
417 415 416 420 477 478 
418 388 415 419 420 
419 388 418 421 422 
420 417 418 421 489 490 
421 419 420 422 493 494 
422 389 419 421 423 502 503 
423 390 422 424 512 513 
424 391 423 425 522 523 
425 392 424 426 428 532 533 
426 393 425 427 428 
427 393 426 429 430 
428 425 426 429 542 
429 427 428 432 543 544 
430 394 427 431 432 
431 394 430 433 434 
432 429 430 433 555 556 
433 431 432 434 559 
434 395 431 433 435 436 568 569 
435 396 434 436 
436 434 435 575 576 
437 438 587 588 
438 437 439 594 
439 438 441 595 596 
440 442 443 
441 439 442 601 602 
442 440 441 443 608 
443 440 442 444 614 
444 397 443 445 615 
445 398 444 446 616 
446 399 445 447 617 
447 400 446 448 618 
448 401 447 449 619 
449 402 448 450 620 
450 403 449 451 621 
451 404 450 452 622 
452 405 451 453 623 
453 406 452 454 624 
454 407 453 455 625 626 
455 408 454 456 629 630 
456 409 455 457 633 634 
457 410 456 458 460 637 638 
458 411 457 459 460 
459 411 458 461 462 
460 457 458 461 647 
461 459 460 464 648 649 
462 412 459 463 464 
463 412 462 465 466 
464 461 462 465 660 661 
465 463 464 468 470 664 665 
466 413 463 467 468 469 
467 413 466 472 473 476 
468 465 466 469 470 
469 466 468 471 472 
470 465 468 471 670 
471 469 470 474 671 
472 467 469 473 474 
473 467 472 475 481 
474 471 472 475 674 
475 473 474 483 674 
476 416 467 477 479 481 482 
477 417 476 478 479 
478 417 477 480 489 
479 476 477 480 485 
480 478 479 486 491 
481 473 476 482 483 
482 476 481 484 485 
483 475 481 484 677 
484 482 483 487 677 
485 479 482 486 487 
486 480 485 488 497 
487 484 485 488 678 
488 486 487 497 678 
489 420 478 490 491 
490 420 489 492 493 
491 480 489 492 497 
492 490 491 495 497 
493 421 490 494 495 
494 421 493 496 502 
495 492 493 496 498 
496 494 495 499 502 
497 486 488 491 492 498 500 681 
498 495 497 499 500 
499 496 498 501 504 
500 497 498 501 682 
501 499 500 506 682 
502 422 494 496 503 504 505 
503 422 502 508 509 512 
504 499 502 505 506 
505 502 504 507 508 
506 501 504 507 685 
507 505 506 510 685 
508 503 505 509 510 
509 503 508 511 514 
510 507 508 511 686 
511 509 510 516 686 
512 423 503 513 514 515 
513 423 512 518 519 522 
514 509 512 515 516 
515 512 514 517 518 
516 511 514 517 689 
517 515 516 520 689 
518 513 515 519 520 
519 513 518 521 524 
520 517 518 521 690 
521 519 520 526 690 
522 424 513 523 524 525 
523 424 522 528 529 532 
524 519 522 525 526 
525 522 524 527 528 
526 521 524 527 693 
527 525 526 530 693 
528 523 525 529 530 
529 523 528 531 534 
530 527 528 531 694 
531 529 530 536 694 
532 425 523 533 534 535 
533 425 532 538 539 542 
534 529 532 535 536 
535 532 534 537 538 
536 531 534 537 697 
537 535 536 540 697 
538 533 535 539 540 
539 533 538 541 547 
540 537 538 541 698 
541 539 540 549 699 
542 428 533 543 545 547 548 
543 429 542 544 545 
544 429 543 546 555 
545 542 543 546 551 
546 544 545 552 557 
547 539 542 548 549 
548 542 547 550 551 
549 541 547 550 704 
550 548 549 553 705 
551 545 548 552 553 
552 546 551 554 560 
553 550 551 554 708 
554 552 553 562 708 
555 432 544 556 557 
556 432 555 558 559 
557 546 555 558 560 
558 556 557 559 561 
559 433 556 558 564 565 568 
560 552 557 561 562 
561 558 560 563 564 
562 554 560 563 711 
563 561 562 566 711 
564 559 561 565 566 
565 559 564 567 570 
566 563 564 567 712 
567 565 566 570 713 
568 434 559 569 570 
569 434 568 571 572 575 577 
570 565 567 568 571 573 718 719 
571 569 570 572 573 
572 569 571 574 579 
573 570 571 574 722 
574 572 573 581 723 
575 436 569 576 577 
576 436 575 578 
577 569 575 578 579 
578 576 577 580 
579 572 577 580 581 
580 578 579 582 
581 574 579 582 728 
582 580 581 728 
583 585 736 737 
584 586 587 
585 583 586 746 747 
586 584 585 589 591 750 751 
587 437 584 588 589 590 
588 437 587 593 594 
589 586 587 590 591 
590 587 589 592 593 
591 586 589 592 759 
592 590 591 593 760 
593 588 590 592 599 763 764 
594 438 588 595 597 599 
595 439 594 596 597 
596 439 595 598 601 
597 594 595 598 600 
598 596 597 600 603 605 
599 593 594 600 778 779 
600 597 598 599 609 611 782 783 
601 441 596 602 603 604 
602 441 601 607 608 
603 598 601 604 605 
604 601 603 606 607 
605 598 603 606 609 
606 604 605 607 609 
607 602 604 606 608 610 
608 442 602 607 613 614 
609 600 605 606 610 611 
610 607 609 612 613 
611 600 609 612 791 
612 610 611 613 792 
613 608 610 612 614 795 
614 443 608 613 615 804 805 
615 444 614 616 814 815 
616 445 615 617 818 819 
617 446 616 618 822 
618 447 617 619 823 
619 448 618 620 824 
620 449 619 621 825 
621 450 620 622 826 
622 451 621 623 827 828 
623 452 622 624 831 832 
624 453 623 625 627 835 836 
625 454 624 626 627 
626 454 625 628 629 
627 624 625 628 845 
628 626 627 631 846 847 
629 455 626 630 631 
630 455 629 632 633 
631 628 629 632 858 859 
632 630 631 635 862 863 
633 456 630 634 635 
634 456 633 636 637 
635 632 633 636 868 869 
636 634 635 639 641 872 873 
637 457 634 638 639 640 
638 457 637 643 644 647 
639 636 637 640 641 
640 637 639 642 643 
641 636 639 642 878 
642 640 641 645 879 
643 638 640 644 645 
644 638 643 646 652 
645 642 643 646 882 
646 644 645 654 882 
647 460 638 648 650 652 653 
648 461 647 649 650 
649 461 648 651 660 
650 647 648 651 656 
651 649 650 657 662 
652 644 647 653 654 
653 647 652 655 656 
654 646 652 655 885 
655 653 654 658 885 
656 650 653 657 658 
657 651 656 659 668 
658 655 656 659 886 
659 657 658 668 886 
660 464 649 661 662 
661 464 660 663 664 
662 651 660 663 668 
663 661 662 666 668 
664 465 661 665 666 
665 465 664 667 670 
666 663 664 667 669 
667 665 666 669 672 
668 657 659 662 663 669 889 
669 666 667 668 675 889 
670 470 665 671 672 
671 471 670 673 674 
672 667 670 673 675 
673 671 672 674 675 
674 474 475 671 673 676 677 
675 669 672 673 676 890 
676 674 675 679 890 
677 483 484 674 678 679 
678 487 488 677 680 681 
679 676 677 680 891 
680 678 679 683 891 
681 497 678 682 683 
682 500 501 681 684 685 
683 680 681 684 892 
684 682 683 687 892 
685 506 507 682 686 687 
686 510 511 685 688 689 
687 684 685 688 893 
688 686 687 691 893 
689 516 517 686 690 691 
690 520 521 689 692 693 
691 688 689 692 894 
692 690 691 695 894 
693 526 527 690 694 695 
694 530 531 693 696 697 
695 692 693 696 895 
696 694 695 702 895 
697 536 537 694 698 700 702 
698 540 697 699 700 
699 541 698 701 704 
700 697 698 701 703 
701 699 700 703 706 
702 696 697 703 896 
703 700 701 702 709 896 
704 549 699 705 706 
705 550 704 707 708 
706 701 704 707 709 
707 705 706 708 709 
708 553 554 705 707 710 711 
709 703 706 707 710 897 
710 708 709 716 897 
711 562 563 708 712 714 716 
712 566 711 713 714 
713 567 712 715 718 
714 711 712 715 717 
715 713 714 717 720 
716 710 711 717 898 
717 714 715 716 726 898 
718 570 713 719 720 
719 570 718 721 722 
720 715 718 721 726 
721 719 720 724 726 
722 573 719 723 724 
723 574 722 725 728 
724 721 722 725 727 
725 723 724 727 728 
726 717 720 721 727 899 
727 724 725 726 729 899 
728 581 582 723 725 729 
729 727 728 900 
730 731 903 904 
731 730 732 734 912 913 
732 731 733 734 
733 732 735 738 
734 731 732 735 916 
735 733 734 740 917 
736 583 737 738 739 
737 583 736 742 743 746 748 
738 733 736 739 740 
739 736 738 741 742 
740 735 738 741 922 
741 739 740 744 922 
742 737 739 743 744 
743 737 742 745 754 
744 741 742 745 923 
745 743 744 756 923 
746 585 737 747 748 
747 585 746 749 750 
748 737 746 749 754 
749 747 748 752 755 
750 586 747 751 752 
751 586 750 753 759 
752 749 750 753 758 
753 751 752 758 761 
754 743 748 755 756 
755 749 754 757 758 
756 745 754 757 926 
757 755 756 758 926 
758 752 753 755 757 767 772 927 
759 591 751 760 761 
760 592 759 762 763 
761 753 759 762 767 
762 760 761 765 768 769 
763 593 760 764 765 
764 593 763 766 778 
765 762 763 766 774 
766 764 765 775 780 
767 758 761 768 770 772 
768 762 767 769 770 
769 762 768 771 774 
770 767 768 771 773 
771 769 770 773 774 
772 758 767 773 930 
773 770 771 772 776 930 
774 765 769 771 775 776 
775 766 774 777 786 
776 773 774 777 931 
777 775 776 786 931 
778 599 764 779 780 
779 599 778 781 782 
780 766 778 781 786 
781 779 780 784 786 
782 600 779 783 784 
783 600 782 785 791 
784 781 782 785 787 
785 783 784 788 793 
786 775 777 780 781 787 789 934 
787 784 786 788 789 
788 785 787 790 796 
789 786 787 790 935 
790 788 789 798 935 
791 611 783 792 793 
792 612 791 794 795 
793 785 791 794 796 
794 792 793 795 797 
795 613 792 794 800 801 804 
796 788 793 797 798 
797 794 796 799 800 
798 790 796 799 938 
799 797 798 802 938 
800 795 797 801 802 
801 795 800 803 806 
802 799 800 803 939 
803 801 802 808 939 
804 614 795 805 806 807 
805 614 804 810 811 814 
806 801 804 807 808 
807 804 806 809 810 
808 803 806 809 942 
809 807 808 812 942 
810 805 807 811 812 
811 805 810 813 816 
812 809 810 813 943 
813 811 812 816 944 
814 615 805 815 816 
815 615 814 817 818 
816 811 813 814 817 949 950 
817 815 816 820 953 954 
818 616 815 819 820 
819 616 818 821 822 
820 817 818 821 959 960 
821 819 820 822 963 
822 617 819 821 823 972 973 
823 618 822 824 982 983 
824 619 823 825 992 993 
825 620 824 826 999 1000 
826 621 825 827 829 1009 1010 
827 622 826 828 829 
828 622 827 830 831 
829 826 827 830 1019 1020 
830 828 829 833 1023 1024 
831 623 828 832 833 
832 623 831 834 835 
833 830 831 834 1032 1033 
834 832 833 837 839 1036 1037 
835 624 832 836 837 838 
836 624 835 841 842 845 
837 834 835 838 839 
838 835 837 840 841 
839 834 837 840 1042 
840 838 839 843 1043 
841 836 838 842 843 
842 836 841 844 850 
843 840 841 844 1046 
844 842 843 852 1046 
845 627 836 846 848 850 851 
846 628 845 847 848 
847 628 846 849 858 
848 845 846 849 854 
849 847 848 855 860 
850 842 845 851 852 
851 845 850 853 854 
852 844 850 853 1049 
853 851 852 856 1049 
854 848 851 855 856 
855 849 854 857 866 
856 853 854 857 1050 
857 855 856 866 1050 
858 631 847 859 860 
859 631 858 861 862 
860 849 858 861 866 
861 859 860 864 866 
862 632 859 863 864 
863 632 862 865 868 
864 861 862 865 867 
865 863 864 867 870 
866 855 857 860 861 867 1053 
867 864 865 866 876 1053 
868 635 863 869 870 
869 635 868 871 872 
870 865 868 871 876 
871 869 870 874 876 
872 636 869 873 874 
873 636 872 875 878 
874 871 872 875 877 
875 873 874 877 880 
876 867 870 871 877 1054 
877 874 875 876 883 1054 
878 641 873 879 880 
879 642 878 881 882 
880 875 878 881 883 
881 879 880 882 883 
882 645 646 879 881 884 885 
883 877 880 881 884 1055 
884 882 883 887 1055 
885 654 655 882 886 887 
886 658 659 885 888 889 
887 884 885 888 1056 
888 886 887 889 1056 
889 668 669 886 888 890 1057 
890 675 676 889 891 1058 
891 679 680 890 892 1059 
892 683 684 891 893 1060 
893 687 688 892 894 1061 
894 691 692 893 895 1062 
895 695 696 894 896 1063 
896 702 703 895 897 1064 
897 709 710 896 898 1065 
898 716 717 897 899 1066 
899 726 727 898 900 1067 
900 729 899 1068 
901 902 907 1074 1075 
902 901 903 905 907 
903 730 902 904 905 
904 730 903 906 912 
905 902 903 906 908 
906 904 905 909 914 
907 901 902 908 910 1084 1085 
908 905 907 909 910 
909 906 908 911 920 
910 907 908 911 1088 
911 909 910 920 1089 
912 731 904 913 914 
913 731 912 915 916 
914 906 912 915 920 
915 913 914 918 920 
916 734 913 917 918 
917 735 916 919 922 
918 915 916 919 921 
919 917 918 921 922 
920 909 911 914 915 921 1097 
921 918 919 920 924 1098 
922 740 741 917 919 923 924 
923 744 745 922 925 926 
924 921 922 925 1101 
925 923 924 928 1101 
926 756 757 923 927 928 
927 758 926 929 930 
928 925 926 929 1102 
929 927 928 932 1102 
930 772 773 927 931 932 
931 776 777 930 933 934 
932 929 930 933 1103 
933 931 932 936 1103 
934 786 931 935 936 
935 789 790 934 937 938 
936 933 934 937 1104 
937 935 936 940 1104 
938 798 799 935 939 940 
939 802 803 938 941 942 
940 937 938 941 1105 
941 939 940 947 1105 
942 808 809 939 943 945 947 
943 812 942 944 945 
944 813 943 946 949 
945 942 943 946 948 
946 944 945 948 951 
947 941 942 948 1106 
948 945 946 947 957 1106 
949 816 944 950 951 
950 816 949 952 953 
951 946 949 952 957 
952 950 951 955 957 
953 817 950 954 955 
954 817 953 956 959 
955 952 953 956 958 
956 954 955 958 961 
957 948 951 952 958 1107 
958 955 956 957 964 966 1107 
959 820 954 960 961 
960 820 959 962 963 
961 956 959 962 964 
962 960 961 963 965 
963 821 960 962 968 969 972 
964 958 961 965 966 
965 962 964 967 968 
966 958 964 967 1108 
967 965 966 970 1108 
968 963 965 969 970 
969 963 968 971 974 
970 967 968 971 1109 
971 969 970 976 1109 
972 822 963 973 974 975 
973 822 972 978 979 982 
974 969 972 975 976 
975 972 974 977 978 
976 971 974 977 1112 
977 975 976 980 1112 
978 973 975 979 980 
979 973 978 981 984 
980 977 978 981 1113 
981 979 980 986 1113 
982 823 973 983 984 985 
983 823 982 988 989 992 
984 979 982 985 986 
985 982 984 987 988 
986 981 984 987 1116 
987 985 986 990 1116 
988 983 985 989 990 
989 983 988 991 994 
990 987 988 991 1117 
991 989 990 996 1117 
992 824 983 993 994 995 
993 824 992 998 999 
994 989 992 995 996 
995 992 994 997 998 
996 991 994 997 1120 
997 995 996 998 1121 
998 993 995 997 1001 1003 1124 1125 
999 825 993 1000 1001 1002 
1000 825 999 1005 1006 1009 
1001 998 999 1002 1003 
1002 999 1001 1004 1005 
1003 998 1001 1004 1130 
1004 1002 1003 1007 1131 
1005 1000 1002 1006 1007 
1006 1000 1005 1008 1011 
1007 1004 1005 1008 1134 
1008 1006 1007 1013 1134 
1009 826 1000 1010 1011 1012 
1010 826 1009 1015 1016 1019 1021 
1011 1006 1009 1012 1013 
1012 1009 1011 1014 1015 
1013 1008 1011 1014 1137 
1014 1012 1013 1017 1137 
1015 1010 1012 1016 1017 
1016 1010 1015 1018 1027 
1017 1014 1015 1018 1138 
1018 1016 1017 1029 1138 
1019 829 1010 1020 1021 
1020 829 1019 1022 1023 
1021 1010 1019 1022 1027 
1022 1020 1021 1025 1028 
1023 830 1020 1024 1025 
1024 830 1023 1026 1032 
1025 1022 1023 1026 1031 
1026 1024 1025 1031 1034 
1027 1016 1021 1028 1029 
1028 1022 1027 1030 1031 
1029 1018 1027 1030 1141 
1030 1028 1029 1031 1141 
1031 1025 1026 1028 1030 1040 1142 
1032 833 1024 1033 1034 
1033 833 1032 1035 1036 
1034 1026 1032 1035 1040 
1035 1033 1034 1038 1040 
1036 834 1033 1037 1038 
1037 834 1036 1039 1042 
1038 1035 1036 1039 1041 
1039 1037 1038 1041 1044 
1040 1031 1034 1035 1041 1145 
1041 1038 1039 1040 1047 1145 
1042 839 1037 1043 1044 
1043 840 1042 1045 1046 
1044 1039 1042 1045 1047 
1045 1043 1044 1046 1047 
1046 843 844 1043 1045 1048 1049 
1047 1041 1044 1045 1048 1146 
1048 1046 1047 1051 1147 
1049 852 853 1046 1050 1051 
1050 856 857 1049 1052 1053 
1051 1048 1049 1052 1153 1154 
1052 1050 1051 1053 1157 
1053 866 867 1050 1052 1054 1166 
1054 876 877 1053 1055 1167 
1055 883 884 1054 1056 1168 
1056 887 888 1055 1057 1169 
1057 889 1056 1058 1170 
1058 890 1057 1059 1171 
1059 891 1058 1060 1172 
1060 892 1059 1061 1173 
1061 893 1060 1062 1174 
1062 894 1061 1063 1175 
1063 895 1062 1064 1176 
1064 896 1063 1065 1177 
1065 897 1064 1066 1178 
1066 898 1065 1067 1179 
1067 899 1066 1068 1180 
1068 900 1067 
1069 1070 1071 1074 
1070 1069 1071 1072 
1071 1069 1070 1073 1076 
1072 1070 1073 1186 
1073 1071 1072 1078 1187 
1074 901 1069 1075 1076 1077 
1075 901 1074 1080 1081 1084 1086 
1076 1071 1074 1077 1078 
1077 1074 1076 1079 1080 
1078 1073 1076 1079 1195 
1079 1077 1078 1082 1195 
1080 1075 1077 1081 1082 
1081 1075 1080 1083 1092 
1082 1079 1080 1083 1196 
1083 1081 1082 1094 1196 
1084 907 1075 1085 1086 
1085 907 1084 1087 1088 
1086 1075 1084 1087 1092 
1087 1085 1086 1090 1093 
1088 910 1085 1089 1090 
1089 911 1088 1091 1097 
1090 1087 1088 1091 1096 
1091 1089 1090 1096 1097 
1092 1081 1086 1093 1094 
1093 1087 1092 1095 1096 
1094 1083 1092 1095 1199 
1095 1093 1094 1096 1199 
1096 1090 1091 1093 1095 1099 1200 
1097 920 1089 1091 1098 1099 
1098 921 1097 1100 1101 
1099 1096 1097 1100 1203 1204 
1100 1098 1099 1101 1207 1208 
1101 924 925 1098 1100 1102 1219 1220 
1102 928 929 1101 1103 1223 
1103 932 933 1102 1104 1224 
1104 936 937 1103 1105 1225 
1105 940 941 1104 1106 1226 
1106 947 948 1105 1107 1227 
1107 957 958 1106 1108 1110 1228 
1108 966 967 1107 1109 1110 
1109 970 971 1108 1111 1112 
1110 1107 1108 1111 1229 
1111 1109 1110 1114 1229 
1112 976 977 1109 1113 1114 
1113 980 981 1112 1115 1116 
1114 1111 1112 1115 1230 
1115 1113 1114 1118 1230 
1116 986 987 1113 1117 1118 
1117 990 991 1116 1119 1120 1122 
1118 1115 1116 1119 1231 
1119 1117 1118 1128 1231 
1120 996 1117 1121 1122 
1121 997 1120 1123 1124 
1122 1117 1120 1123 1128 
1123 1121 1122 1126 1128 
1124 998 1121 1125 1126 
1125 998 1124 1127 1130 
1126 1123 1124 1127 1129 
1127 1125 1126 1129 1132 
1128 1119 1122 1123 1129 1232 
1129 1126 1127 1128 1135 1232 
1130 1003 1125 1131 1132 
1131 1004 1130 1133 1134 
1132 1127 1130 1133 1135 
1133 1131 1132 1134 1135 
1134 1007 1008 1131 1133 1136 1137 
1135 1129 1132 1133 1136 1233 
1136 1134 1135 1139 1233 
1137 1013 1014 1134 1138 1139 
1138 1017 1018 1137 1140 1141 
1139 1136 1137 1140 1234 
1140 1138 1139 1143 1235 1236 
1141 1029 1030 1138 1142 1143 
1142 1031 1141 1144 1145 
1143 1140 1141 1144 1247 
1144 1142 1143 1145 1248 
1145 1040 1041 1142 1144 1146 1148 1254 
1146 1047 1145 1147 1148 
1147 1048 1146 1149 1150 1153 1155 
1148 1145 1146 1149 1151 1255 
1149 1147 1148 1150 1151 
1150 1147 1149 1152 1158 1160 
1151 1148 1149 1152 1256 
1152 1150 1151 1163 1256 
1153 1051 1147 1154 1155 
1154 1051 1153 1156 1157 
1155 1147 1153 1156 1158 1159 
1156 1154 1155 1157 1162 
1157 1052 1154 1156 1165 1166 
1158 1150 1155 1159 1160 
1159 1155 1158 1161 1162 
1160 1150 1158 1161 1163 
1161 1159 1160 1162 1163 
1162 1156 1159 1161 1164 1165 
1163 1152 1160 1161 1164 1259 
1164 1162 1163 1165 1259 
1165 1157 1162 1164 1166 1260 
1166 1053 1157 1165 1167 1263 
1167 1054 1166 1168 1264 
1168 1055 1167 1169 1265 
1169 1056 1168 1170 1266 
1170 1057 1169 1171 1267 
1171 1058 1170 1172 1268 1269 
1172 1059 1171 1173 1272 
1173 1060 1172 1174 1273 
1174 1061 1173 1175 1274 
1175 1062 1174 1176 1275 
1176 1063 1175 1177 1276 
1177 1064 1176 1178 1277 
1178 1065 1177 1179 1278 
1179 1066 1178 1180 1279 
1180 1067 1179 1280 
1181 1182 1296 
1182 1181 1190 1192 1299 1300 
1183 1185 1186 
1184 1185 1190 
1185 1183 1184 1188 1191 
1186 1072 1183 1187 1188 
1187 1073 1186 1189 1195 
1188 1185 1186 1189 1194 
1189 1187 1188 1194 1195 
1190 1182 1184 1191 1192 
1191 1185 1190 1193 1194 
1192 1182 1190 1193 1305 
1193 1191 1192 1194 1306 
1194 1188 1189 1191 1193 1197 1309 
1195 1078 1079 1187 1189 1196 1197 
1196 1082 1083 1195 1198 1199 
1197 1194 1195 1198 1312 
1198 1196 1197 1201 1312 
1199 1094 1095 1196 1200 1201 
1200 1096 1199 1202 1203 1205 
1201 1198 1199 1202 1313 
1202 1200 1201 1214 1313 
1203 1099 1200 1204 1205 
1204 1099 1203 1206 1207 
1205 1200 1203 1206 1214 
1206 1204 1205 1209 1211 1214 
1207 1100 1204 1208 1209 1210 
1208 1100 1207 1213 1219 
1209 1206 1207 1210 1211 
1210 1207 1209 1212 1213 
1211 1206 1209 1212 1215 
1212 1210 1211 1213 1215 
1213 1208 1210 1212 1216 1219 
1214 1202 1205 1206 1215 1217 1314 
1215 1211 1212 1214 1216 1217 
1216 1213 1215 1218 1221 
1217 1214 1215 1218 1315 
1218 1216 1217 1221 1315 
1219 1101 1208 1213 1220 1221 
1220 1101 1219 1222 1223 
1221 1216 1218 1219 1222 1318 
1222 1220 1221 1223 1318 
1223 1102 1220 1222 1224 1319 
1224 1103 1223 1225 1320 
1225 1104 1224 1226 1321 
1226 1105 1225 1227 1322 
1227 1106 1226 1228 1323 
1228 1107 1227 1229 1324 
1229 1110 1111 1228 1230 1325 
1230 1114 1115 1229 1231 1326 
1231 1118 1119 1230 1232 1327 
1232 1128 1129 1231 1233 1328 
1233 1135 1136 1232 1234 1239 1329 
1234 1139 1233 1235 1237 1239 
1235 1140 1234 1236 1237 
1236 1140 1235 1238 1247 
1237 1234 1235 1238 1240 
1238 1236 1237 1241 1242 1247 
1239 1233 1234 1240 1245 1330 
1240 1237 1239 1241 1243 1245 
1241 1238 1240 1242 1243 
1242 1238 1241 1244 1249 
1243 1240 1241 1244 1246 
1244 1242 1243 1246 1249 
1245 1239 1240 1246 1331 
1246 1243 1244 1245 1251 1331 
1247 1143 1236 1238 1248 1249 1250 
1248 1144 1247 1253 1254 
1249 1242 1244 1247 1250 1251 
1250 1247 1249 1252 1253 
1251 1246 1249 1252 1334 
1252 1250 1251 1253 1334 
1253 1248 1250 1252 1254 1335 
1254 1145 1248 1253 1255 1257 1338 
1255 1148 1254 1256 1257 
1256 1151 1152 1255 1258 1259 
1257 1254 1255 1258 1339 
1258 1256 1257 1261 1340 
1259 1163 1164 1256 1260 1261 
1260 1165 1259 1262 1263 
1261 1258 1259 1262 1343 
1262 1260 1261 1263 1343 
1263 1166 1260 1262 1264 1344 
1264 1167 1263 1265 1345 
1265 1168 1264 1266 1346 
1266 1169 1265 1267 1347 
1267 1170 1266 1268 1270 1348 1349 
1268 1171 1267 1269 1270 
1269 1171 1268 1271 1272 
1270 1267 1268 1271 1352 1353 
1271 1269 1270 1272 1356 
1272 1172 1269 1271 1273 1368 1369 
1273 1173 1272 1274 1372 
1274 1174 1273 1275 1373 
1275 1175 1274 1276 1374 
1276 1176 1275 1277 1375 
1277 1177 1276 1278 1376 
1278 1178 1277 1279 1377 
1279 1179 1278 1280 1378 
1280 1180 1279 1379 
1281 1284 1287 
1282 1283 1285 1380 
1283 1282 1284 1285 
1284 1281 1283 1286 1291 
1285 1282 1283 1286 1381 
1286 1284 1285 1293 1381 
1287 1281 1288 1291 
1288 1287 1289 1292 
1289 1288 1290 1295 
1290 1289 1295 1297 
1291 1284 1287 1292 1293 
1292 1288 1291 1294 1295 
1293 1286 1291 1294 1384 
1294 1292 1293 1295 1384 
1295 1289 1290 1292 1294 1303 1385 
1296 1181 1298 1299 
1297 1290 1298 1303 
1298 1296 1297 1301 1303 
1299 1182 1296 1300 1301 
1300 1182 1299 1302 1305 
1301 1298 1299 1302 1304 
1302 1300 1301 1304 1307 
1303 1295 1297 1298 1304 1388 
1304 1301 1302 1303 1310 1388 
1305 1192 1300 1306 1307 
1306 1193 1305 1308 1309 
1307 1302 1305 1308 1310 
1308 1306 1307 1309 1310 
1309 1194 1306 1308 1311 1312 
1310 1304 1307 1308 1311 1389 
1311 1309 1310 1312 1389 
1312 1197 1198 1309 1311 1313 1390 
1313 1201 1202 1312 1314 1316 1391 
1314 1214 1313 1315 1316 
1315 1217 1218 1314 1317 1318 
1316 1313 1314 1317 1392 
1317 1315 1316 1318 1392 
1318 1221 1222 1315 1317 1319 1393 
1319 1223 1318 1320 
1320 1224 1319 1321 
1321 1225 1320 1322 1394 
1322 1226 1321 1323 1395 
1323 1227 1322 1324 1396 
1324 1228 1323 1325 1397 1398 
1325 1229 1324 1326 1404 1405 
1326 1230 1325 1327 1414 
1327 1231 1326 1328 1415 
1328 1232 1327 1329 1416 
1329 1233 1328 1330 1332 1417 
1330 1239 1329 1331 1332 
1331 1245 1246 1330 1333 1334 
1332 1329 1330 1333 1418 
1333 1331 1332 1336 1418 
1334 1251 1252 1331 1335 1336 
1335 1253 1334 1337 1338 
1336 1333 1334 1337 1419 
1337 1335 1336 1338 1419 
1338 1254 1335 1337 1339 1341 1420 1421 
1339 1257 1338 1340 1341 
1340 1258 1339 1342 1343 
1341 1338 1339 1342 1424 
1342 1340 1341 1343 1425 1426 
1343 1261 1262 1340 1342 1344 1440 1441 
1344 1263 1343 1345 1444 
1345 1264 1344 1346 1445 
1346 1265 1345 1347 1446 
1347 1266 1346 1348 1350 1447 
1348 1267 1347 1349 1350 
1349 1267 1348 1351 1352 1354 
1350 1347 1348 1351 1448 
1351 1349 1350 1357 1362 1448 
1352 1270 1349 1353 1354 
1353 1270 1352 1355 1356 
1354 1349 1352 1355 1357 
1355 1353 1354 1356 1358 1359 
1356 1271 1353 1355 1364 1365 1368 
1357 1351 1354 1358 1360 1362 
1358 1355 1357 1359 1360 
1359 1355 1358 1361 1364 
1360 1357 1358 1361 1363 
1361 1359 1360 1363 1364 
1362 1351 1357 1363 1449 
1363 1360 1361 1362 1366 1449 
1364 1356 1359 1361 1365 1366 
1365 1356 1364 1367 1370 
1366 1363 1364 1367 1450 
1367 1365 1366 1370 1450 
1368 1272 1356 1369 1370 
1369 1272 1368 1371 1372 
1370 1365 1367 1368 1371 1453 
1371 1369 1370 1372 1453 
1372 1273 1369 1371 1373 1454 
1373 1274 1372 1374 1455 
1374 1275 1373 1375 1456 
1375 1276 1374 1376 1457 
1376 1277 1375 1377 1458 
1377 1278 1376 1378 1459 
1378 1279 1377 1379 1460 
1379 1280 1378 1461 
1380 1282 1381 1382 
1381 1285 1286 1380 1383 1384 
1382 1380 1383 
1383 1381 1382 1386 
1384 1293 1294 1381 1385 1386 
1385 1295 1384 1387 1388 
1386 1383 1384 1387 
1387 1385 1386 1388 
1388 1303 1304 1385 1387 1389 
1389 1310 1311 1388 1390 
1390 1312 1389 1391 
1391 1313 1390 1392 
1392 1316 1317 1391 1393 
1393 1318 1392 
1394 1321 1395 
1395 1322 1394 1396 1462 
1396 1323 1395 1397 1399 1463 
1397 1324 1396 1398 1399 
1398 1324 1397 1400 1401 1404 
1399 1396 1397 1400 1402 1464 
1400 1398 1399 1401 1402 
1401 1398 1400 1403 1406 
1402 1399 1400 1403 1465 
1403 1401 1402 1408 1410 1465 
1404 1325 1398 1405 1406 1407 
1405 1325 1404 1413 1414 
1406 1401 1404 1407 1408 1409 
1407 1404 1406 1412 1413 
1408 1403 1406 1409 1410 
1409 1406 1408 1411 1412 
1410 1403 1408 1411 1468 
1411 1409 1410 1412 1468 
1412 1407 1409 1411 1413 1469 
1413 1405 1407 1412 1414 1472 
1414 1326 1405 1413 1415 1475 
1415 1327 1414 1416 1476 
1416 1328 1415 1417 1477 
1417 1329 1416 1418 1478 
1418 1332 1333 1417 1419 1479 
1419 1336 1337 1418 1420 1422 1480 
1420 1338 1419 1421 1422 
1421 1338 1420 1423 1424 
1422 1419 1420 1423 1481 
1423 1421 1422 1429 1431 1481 
1424 1341 1421 1425 1427 1429 1430 
1425 1342 1424 1426 1427 
1426 1342 1425 1428 1440 
1427 1424 1425 1428 1433 1434 
1428 1426 1427 1437 1440 
1429 1423 1424 1430 1431 
1430 1424 1429 1432 1433 1435 
1431 1423 1429 1432 1482 
1432 1430 1431 1438 1482 
1433 1427 1430 1434 1435 
1434 1427 1433 1436 1437 
1435 1430 1433 1436 1438 
1436 1434 1435 1437 1438 
1437 1428 1434 1436 1439 1442 
1438 1432 1435 1436 1439 1483 
1439 1437 1438 1442 1483 
1440 1343 1426 1428 1441 1442 
1441 1343 1440 1443 1444 
1442 1437 1439 1440 1443 1486 
1443 1441 1442 1444 1486 
1444 1344 1441 1443 1445 1487 
1445 1345 1444 1446 1488 
1446 1346 1445 1447 1489 
1447 1347 1446 1448 1490 
1448 1350 1351 1447 1449 1451 1491 
1449 1362 1363 1448 1450 1451 
1450 1366 1367 1449 1452 1453 
1451 1448 1449 1452 1492 
1452 1450 1451 1453 1492 
1453 1370 1371 1450 1452 1454 1493 
1454 1372 1453 1455 1494 
1455 1373 1454 1456 1495 
1456 1374 1455 1457 1496 
1457 1375 1456 1458 1497 
1458 1376 1457 1459 1498 
1459 1377 1458 1460 1499 
1460 1378 1459 1461 1500 
1461 1379 1460 1501 
1462 1395 1463 
1463 1396 1462 1464 1466 
1464 1399 1463 1465 1466 
1465 1402 1403 1464 1467 1468 1470 
1466 1463 1464 1467 1503 
1467 1465 1466 1473 1503 
1468 1410 1411 1465 1469 1470 
1469 1412 1468 1471 1472 
1470 1465 1468 1471 1473 
1471 1469 1470 1472 1473 
1472 1413 1469 1471 1474 1475 
1473 1467 1470 1471 1474 1504 
1474 1472 1473 1475 1504 
1475 1414 1472 1474 1476 1505 
1476 1415 1475 1477 1506 
1477 1416 1476 1478 1507 
1478 1417 1477 1479 1508 
1479 1418 1478 1480 1509 
1480 1419 1479 1481 1510 
1481 1422 1423 1480 1482 1484 1511 
1482 1431 1432 1481 1483 1484 
1483 1438 1439 1482 1485 1486 
1484 1481 1482 1485 1512 
1485 1483 1484 1486 1512 
1486 1442 1443 1483 1485 1487 1513 
1487 1444 1486 1488 1514 
1488 1445 1487 1489 1515 
1489 1446 1488 1490 1516 
1490 1447 1489 1491 1517 
1491 1448 1490 1492 1518 
1492 1451 1452 1491 1493 1519 
1493 1453 1492 1494 1520 
1494 1454 1493 1495 1521 
1495 1455 1494 1496 1522 
1496 1456 1495 1497 1523 
1497 1457 1496 1498 1524 
1498 1458 1497 1499 1525 
1499 1459 1498 1500 1526 
1500 1460 1499 1501 1527 
1501 1461 1500 1502 1528 
1502 1501 1529 
1503 1466 1467 1504 
1504 1473 1474 1503 1505 1530 
1505 1475 1504 1506 1531 
1506 1476 1505 1507 1532 
1507 1477 1506 1508 1533 
1508 1478 1507 1509 1534 
1509 1479 1508 1510 1535 
1510 1480 1509 1511 1536 
1511 1481 1510 1512 1537 
1512 1484 1485 1511 1513 1538 
1513 1486 1512 1514 1539 
1514 1487 1513 1515 1540 
1515 1488 1514 1516 1541 
1516 1489 1515 1517 1542 
1517 1490 1516 1518 1543 
1518 1491 1517 1519 1544 
1519 1492 1518 1520 1545 
1520 1493 1519 1521 1546 
1521 1494 1520 1522 1547 
1522 1495 1521 1523 1548 
1523 1496 1522 1524 1549 
1524 1497 1523 1525 1550 
1525 1498 1524 1526 1551 
1526 1499 1525 1527 1552 
1527 1500 1526 1528 1553 
1528 1501 1527 1529 1554 
1529 1502 1528 1555 
1530 1504 1531 1556 
1531 1505 1530 1532 1557 
1532 1506 1531 1533 1558 
1533 1507 1532 1534 1559 
1534 1508 1533 1535 1560 
1535 1509 1534 1536 1561 
1536 1510 1535 1537 1562 
1537 1511 1536 1538 1563 
1538 1512 1537 1539 1564 
1539 1513 1538 1540 1565 
1540 1514 1539 1541 1566 
1541 1515 1540 1542 1567 
1542 1516 1541 1543 1568 
1543 1517 1542 1544 1569 
1544 1518 1543 1545 1570 
1545 1519 1544 1546 1571 
1546 1520 1545 1547 1572 
1547 1521 1546 1548 1573 
1548 1522 1547 1549 1574 
1549 1523 1548 1550 1575 
1550 1524 1549 1551 1576 
1551 1525 1550 1552 1577 
1552 1526 1551 1553 1578 
1553 1527 1552 1554 1579 
1554 1528 1553 1555 1580 
1555 1529 1554 1581 
1556 1530 1557 1582 
1557 1531 1556 1558 1583 
1558 1532 1557 1559 1584 
1559 1533 1558 1560 1585 
1560 1534 1559 1561 1586 
1561 1535 1560 1562 1587 
1562 1536 1561 1563 1588 
1563 1537 1562 1564 1589 
1564 1538 1563 1565 1590 
1565 1539 1564 1566 1591 
1566 1540 1565 1567 1592 
1567 1541 1566 1568 1593 
1568 1542 1567 1569 1594 
1569 1543 1568 1570 1595 
1570 1544 1569 1571 1596 
1571 1545 1570 1572 1597 
1572 1546 1571 1573 1598 
1573 1547 1572 1574 1599 
1574 1548 1573 1575 1600 
1575 1549 1574 1576 1601 
1576 1550 1575 1577 1602 
1577 1551 1576 1578 1603 
1578 1552 1577 1579 1604 
1579 1553 1578 1580 1605 
1580 1554 1579 1581 1606 
1581 1555 1580 1607 
1582 1556 1583 1608 
1583 1557 1582 1584 1609 
1584 1558 1583 1585 1610 
1585 1559 1584 1586 1611 
1586 1560 1585 1587 1612 
1587 1561 1586 1588 1613 
1588 1562 1587 1589 1614 
1589 1563 1588 1590 1615 
1590 1564 1589 1591 1616 
1591 1565 1590 1592 1617 
1592 1566 1591 1593 1618 
1593 1567 1592 1594 1619 
1594 1568 1593 1595 1620 
1595 1569 1594 1596 1621 
1596 1570 1595 1597 1622 
1597 1571 1596 1598 1623 
1598 1572 1597 1599 1624 
1599 1573 1598 1600 1625 
1600 1574 1599 1601 1626 
1601 1575 1600 1602 1627 
1602 1576 1601 1603 1628 
1603 1577 1602 1604 1629 
1604 1578 1603 1605 1630 
1605 1579 1604 1606 1631 
1606 1580 1605 1607 1632 
1607 1581 1606 1633 
1608 1582 1609 1635 
1609 1583 1608 1610 1636 
1610 1584 1609 1611 1637 
1611 1585 1610 1612 1638 
1612 1586 1611 1613 1639 
1613 1587 1612 1614 1640 
1614 1588 1613 1615 1641 
1615 1589 1614 1616 1642 1643 
1616 1590 1615 1617 1649 1650 
1617 1591 1616 1618 1653 
1618 1592 1617 1619 1654 
1619 1593 1618 1620 1655 
1620 1594 1619 1621 1656 
1621 1595 1620 1622 1657 
1622 1596 1621 1623 1658 
1623 1597 1622 1624 1659 
1624 1598 1623 1625 1660 
1625 1599 1624 1626 1661 
1626 1600 1625 1627 1662 
1627 1601 1626 1628 1663 
1628 1602 1627 1629 1664 
1629 1603 1628 1630 1665 
1630 1604 1629 1631 1666 
1631 1605 1630 1632 1667 
1632 1606 1631 1633 1668 
1633 1607 1632 1669 
1634 1635 
1635 1608 1634 1636 1670 
1636 1609 1635 1637 1671 
1637 1610 1636 1638 1672 
1638 1611 1637 1639 1673 
1639 1612 1638 1640 1674 
1640 1613 1639 1641 1675 
1641 1614 1640 1642 1644 1676 1677 
1642 1615 1641 1643 1644 
1643 1615 1642 1645 1646 1649 
1644 1641 1642 1645 1647 1680 1681 
1645 1643 1644 1646 1647 
1646 1643 1645 1648 1651 
1647 1644 1645 1648 1684 1685 
1648 1646 1647 1651 1688 
1649 1616 1643 1650 1651 
1650 1616 1649 1652 1653 
1651 1646 1648 1649 1652 1693 
1652 1650 1651 1653 1694 
1653 1617 1650 1652 1654 1697 
1654 1618 1653 1655 1698 
1655 1619 1654 1656 1699 
1656 1620 1655 1657 1700 
1657 1621 1656 1658 1701 
1658 1622 1657 1659 1702 
1659 1623 1658 1660 1703 
1660 1624 1659 1661 1704 
1661 1625 1660 1662 1705 
1662 1626 1661 1663 1706 
1663 1627 1662 1664 1707 
1664 1628 1663 1665 1708 
1665 1629 1664 1666 1709 
1666 1630 1665 1667 1710 
1667 1631 1666 1668 1711 
1668 1632 1667 1669 1712 
1669 1633 1668 1713 
1670 1635 1671 1714 
1671 1636 1670 1672 1715 
1672 1637 1671 1673 1716 
1673 1638 1672 1674 1717 
1674 1639 1673 1675 1718 
1675 1640 1674 1676 1678 1719 
1676 1641 1675 1677 1678 
1677 1641 1676 1679 1680 1682 
1678 1675 1676 1679 1720 
1679 1677 1678 1691 1720 
1680 1644 1677 1681 1682 
1681 1644 1680 1683 1684 1686 
1682 1677 1680 1683 1691 
1683 1681 1682 1689 1691 
1684 1647 1681 1685 1686 
1685 1647 1684 1687 1688 
1686 1681 1684 1687 1689 
1687 1685 1686 1688 1689 
1688 1648 1685 1687 1690 1693 
1689 1683 1686 1687 1690 1692 
1690 1688 1689 1692 1693 
1691 1679 1682 1683 1692 1721 
1692 1689 1690 1691 1695 1721 
1693 1651 1688 1690 1694 1695 
1694 1652 1693 1696 1697 
1695 1692 1693 1696 1722 
1696 1694 1695 1697 1722 
1697 1653 1694 1696 1698 1723 
1698 1654 1697 1699 1724 
1699 1655 1698 1700 1725 
1700 1656 1699 1701 1726 
1701 1657 1700 1702 1727 
1702 1658 1701 1703 1728 
1703 1659 1702 1704 1729 
1704 1660 1703 1705 1730 
1705 1661 1704 1706 1731 
1706 1662 1705 1707 1732 
1707 1663 1706 1708 1733 
1708 1664 1707 1709 1734 
1709 1665 1708 1710 1735 
1710 1666 1709 1711 1736 
1711 1667 1710 1712 1737 
1712 1668 1711 1713 1738 
1713 1669 1712 1739 
1714 1670 1715 
1715 1671 1714 1716 1740 
1716 1672 1715 1717 1741 
1717 1673 1716 1718 1742 
1718 1674 1717 1719 1743 
1719 1675 1718 1720 1744 
1720 1678 1679 1719 1721 1745 
1721 1691 1692 1720 1722 1746 
1722 1695 1696 1721 1723 1747 
1723 1697 1722 1724 1748 
1724 1698 1723 1725 1749 
1725 1699 1724 1726 1750 
1726 1700 1725 1727 1751 
1727 1701 1726 1728 1752 
1728 1702 1727 1729 1753 
1729 1703 1728 1730 1754 
1730 1704 1729 1731 1755 
1731 1705 1730 1732 1756 
1732 1706 1731 1733 1757 
1733 1707 1732 1734 1758 
1734 1708 1733 1735 1759 
1735 1709 1734 1736 1760 
1736 1710 1735 1737 1761 
1737 1711 1736 1738 1762 
1738 1712 1737 1739 1763 
1739 1713 1738 1764 
1740 1715 1741 
1741 1716 1740 1742 1765 
1742 1717 1741 1743 1766 
1743 1718 1742 1744 1767 
1744 1719 1743 1745 1768 
1745 1720 1744 1746 1769 
1746 1721 1745 1747 1770 
1747 1722 1746 1748 1771 
1748 1723 1747 1749 1772 
1749 1724 1748 1750 1773 
1750 1725 1749 1751 1774 
1751 1726 1750 1752 1775 
1752 1727 1751 1753 1776 
1753 1728 1752 1754 1777 
1754 1729 1753 1755 1778 
1755 1730 1754 1756 1779 
1756 1731 1755 1757 1780 
1757 1732 1756 1758 1781 
1758 1733 1757 1759 1782 
1759 1734 1758 1760 1783 
1760 1735 1759 1761 1784 
1761 1736 1760 1762 1785 
1762 1737 1761 1763 1786 
1763 1738 1762 1764 1787 
1764 1739 1763 1788 
1765 1741 1766 1790 
1766 1742 1765 1767 1791 
1767 1743 1766 1768 1792 
1768 1744 1767 1769 1793 
1769 1745 1768 1770 1794 
1770 1746 1769 1771 1795 
1771 1747 1770 1772 1796 
1772 1748 1771 1773 1797 
1773 1749 1772 1774 1798 
1774 1750 1773 1775 1799 
1775 1751 1774 1776 1800 
1776 1752 1775 1777 1801 
1777 1753 1776 1778 1802 
1778 1754 1777 1779 1803 
1779 1755 1778 1780 1804 
1780 1756 1779 1781 1805 
1781 1757 1780 1782 1806 
1782 1758 1781 1783 1807 
1783 1759 1782 1784 1808 
1784 1760 1783 1785 1809 
1785 1761 1784 1786 1810 
1786 1762 1785 1787 1811 
1787 1763 1786 1788 1812 
1788 1764 1787 1789 1813 
1789 1788 1814 
1790 1765 1791 1815 
1791 1766 1790 1792 1816 
1792 1767 1791 1793 1817 
1793 1768 1792 1794 1818 
1794 1769 1793 1795 1819 
1795 1770 1794 1796 1820 
1796 1771 1795 1797 1821 
1797 1772 1796 1798 1822 
1798 1773 1797 1799 1823 
1799 1774 1798 1800 1824 
1800 1775 1799 1801 1825 
1801 1776 1800 1802 1826 
1802 1777 1801 1803 1827 
1803 1778 1802 1804 1828 
1804 1779 1803 1805 1829 
1805 1780 1804 1806 1830 
1806 1781 1805 1807 1831 
1807 1782 1806 1808 1832 
1808 1783 1807 1809 1833 
1809 1784 1808 1810 1834 
1810 1785 1809 1811 1835 
1811 1786 1810 1812 1836 
1812 1787 1811 1813 1837 
1813 1788 1812 1814 1838 
1814 1789 1813 1839 
1815 1790 1816 1841 
1816 1791 1815 1817 1842 
1817 1792 1816 1818 1843 
1818 1793 1817 1819 1844 
1819 1794 1818 1820 1845 
1820 1795 1819 1821 1846 
1821 1796 1820 1822 1847 
1822 1797 1821 1823 1848 
1823 1798 1822 1824 
1824 1799 1823 1825 1849 
1825 1800 1824 1826 1850 
1826 1801 1825 1827 1851 
1827 1802 1826 1828 1852 
1828 1803 1827 1829 1853 
1829 1804 1828 1830 1854 
1830 1805 1829 1831 1855 
1831 1806 1830 1832 1856 1857 
1832 1807 1831 1833 1860 
1833 1808 1832 1834 1861 
1834 1809 1833 1835 
1835 1810 1834 1836 
1836 1811 1835 1837 
1837 1812 1836 1838 
1838 1813 1837 1839 
1839 1814 1838 
1840 1841 1862 
1841 1815 1840 1842 1863 
1842 1816 1841 1843 1864 
1843 1817 1842 1844 1865 
1844 1818 1843 1845 1866 
1845 1819 1844 1846 1867 
1846 1820 1845 1847 1868 
1847 1821 1846 1848 
1848 1822 1847 
1849 1824 1850 
1850 1825 1849 1851 
1851 1826 1850 1852 1869 
1852 1827 1851 1853 1870 
1853 1828 1852 1854 1871 
1854 1829 1853 1855 1872 
1855 1830 1854 1856 1858 1873 1874 
1856 1831 1855 1857 1858 
1857 1831 1856 1859 1860 
1858 1855 1856 1859 1878 
1859 1857 1858 1860 
1860 1832 1857 1859 1861 
1861 1833 1860 
1862 1840 1863 1881 
1863 1841 1862 1864 1882 
1864 1842 1863 1865 1883 
1865 1843 1864 1866 1884 
1866 1844 1865 1867 1885 1886 
1867 1845 1866 1868 1889 
1868 1846 1867 
1869 1851 1870 
1870 1852 1869 1871 
1871 1853 1870 1872 
1872 1854 1871 1873 1875 
1873 1855 1872 1874 1875 
1874 1855 1873 1876 1877 1878 
1875 1872 1873 1876 
1876 1874 1875 1877 
1877 1874 1876 
1878 1858 1874 
1879 1880 1890 
1880 1879 1881 1891 
1881 1862 1880 1882 1892 
1882 1863 1881 1883 1893 
1883 1864 1882 1884 1894 
1884 1865 1883 1885 1887 1895 1896 
1885 1866 1884 1886 1887 
1886 1866 1885 1888 1889 
1887 1884 1885 1888 1899 1900 
1888 1886 1887 1889 1903 
1889 1867 1886 1888 1915 1916 
1890 1879 1891 
1891 1880 1890 1892 1918 
1892 1881 1891 1893 1919 
1893 1882 1892 1894 1920 
1894 1883 1893 1895 1897 1921 
1895 1884 1894 1896 1897 
1896 1884 1895 1898 1899 1901 
1897 1894 1895 1898 1922 
1898 1896 1897 1904 1909 1922 
1899 1887 1896 1900 1901 
1900 1887 1899 1902 1903 
1901 1896 1899 1902 1904 
1902 1900 1901 1903 1905 1906 
1903 1888 1900 1902 1911 1912 1915 
1904 1898 1901 1905 1907 1909 
1905 1902 1904 1906 1907 
1906 1902 1905 1908 1911 
1907 1904 1905 1908 1910 
1908 1906 1907 1910 1911 
1909 1898 1904 1910 1923 
1910 1907 1908 1909 1913 1923 
1911 1903 1906 1908 1912 1913 
1912 1903 1911 1914 1917 
1913 1910 1911 1914 1924 
1914 1912 1913 1917 1924 
1915 1889 1903 1916 1917 
1916 1889 1915 
1917 1912 1914 1915 1927 
1918 1891 1919 
1919 1892 1918 1920 1928 
1920 1893 1919 1921 1929 
1921 1894 1920 1922 1930 
1922 1897 1898 1921 1923 1925 1931 
1923 1909 1910 1922 1924 1925 
1924 1913 1914 1923 1926 1927 
1925 1922 1923 1926 1932 
1926 1924 1925 1927 1932 
1927 1917 1924 1926 
1928 1919 1929 
1929 1920 1928 1930 
1930 1921 1929 1931 
1931 1922 1930 1932 
1932 1925 1926 1931 